1420378 
1435375 
1460384 
1465455 
1494882 
1496428 
1514106 
1514399 
1524056 
1532230 
1533191 
1540785 
1544864 
1565011 
1579982 
1587388 
1589270 
1590486 
1591198 
1594743 
1598787 
1604379 
1614858 
1616718 
1618336 
1619974 
1622738 
1623239 
1634851 
1635845 
1638686 
1640462 
1644366 
1645070 
1646697 
1649275 
1651349 
1652009 
1654001 
1659152 
1663959 
1666646 
1672207 
1673257 
1678183 
1683982 
1684647 
1686028 
1687452 
1687613 
1688180 
1688883 
1691924 
1692582 
1693454 
1694880 
1700382 
1703587 
1705041 
1706823 
1707913 
1709810 
1711014 
1712018 
1712138 
1712450 
1716465 
1717275 
1717333 
1721905 
1726961 
1727244 
1727747 
1727808 
1730190 
1731294 
1731760 
1733010 
1735994 
1737226 
1738007 
1738257 
1738290 
1738772 
1739205 
1741139 
1741607 
1743284 
1744205 
1745134 
1747577 
1748434 
1748980 
1749078 
1750196 
1751494 
1753185 
1754218 
1760526 
1760742 
1761214 
1762342 
1762902 
1762934 
1763873 
1765022 
1765232 
1766911 
1771497 
1773026 
1773953 
1774549 
1774751 
1775617 
1777509 
1777676 
1777761 
1782686 
1784383 
1785679 
1786431 
1787012 
1787123 
1788059 
1790293 
1790818 
1790899 
1791358 
1791678 
1792475 
1792986 
1794040 
1796261 
1797606 
1798670 
1799270 
1799595 
1800745 
1801265 
1802107 
1803200 
1803644 
1805543 
1805619 
1806412 
1806461 
1806796 
1808331 
1808352 
1810448 
1811162 
1811527 
1811758 
1814184 
1814574 
1814671 
1815696 
1815841 
1818136 
1818256 
1818947 
1819365 
1820024 
1820090 
1820154 
1820239 
1821066 
1821268 
1822810 
1823756 
1824101 
1824513 
1825474 
1825620 
1825858 
1826213 
1827212 
1827970 
1828068 
1829694 
1829765 
1829776 
1831642 
1831892 
1832722 
1832793 
1833302 
1833911 
1834334 
1834653 
1835150 
1835575 
1836589 
1837225 
1838776 
1840638 
1840744 
1840820 
1842382 
1843583 
1844293 
1845223 
1845840 
1847132 
1847576 
1849252 
1849349 
1849504 
1849696 
1849958 
1850873 
1851042 
1851521 
1852368 
1852489 
1853774 
1854006 
1854289 
1855379 
1855937 
1856302 
1856564 
1857260 
1857328 
1858610 
1859051 
1859130 
1859159 
1859686 
1859851 
1860319 
1861576 
1862297 
1862414 
1863106 
1864331 
1864594 
1865225 
1865576 
1867070 
1867259 
1867341 
1868175 
1868398 
1870288 
1870495 
1870518 
1870718 
1871037 
1871251 
1873178 
1873636 
1873755 
1873914 
1874923 
1875420 
1875554 
1876086 
1877513 
1877629 
1877745 
1877859 
1879221 
1879254 
1879995 
1880161 
1880259 
1880712 
1881135 
1882699 
1883981 
1884838 
1884900 
1885027 
1885196 
1885237 
1885855 
1886183 
1887419 
1887459 
1888088 
1888141 
1888272 
1888511 
1888630 
1888717 
1889148 
1890115 
1890676 
1890848 
1890983 
1892460 
1892495 
1893175 
1893656 
1893763 
1894288 
1894389 
1894516 
1895254 
1895296 
1895384 
1895677 
1895807 
1895825 
1895910 
1896276 
1896338 
1896388 
1896520 
1896790 
1896946 
1897044 
1897419 
1897433 
1898315 
1900007 
1900030 
1900116 
1900856 
1901441 
1901628 
1902715 
1902956 
1903060 
1903197 
1904871 
1905038 
1905374 
1905497 
1905705 
1906179 
1906594 
1906655 
1907200 
1907805 
1908550 
1908745 
1909009 
1909737 
1909885 
1910257 
1910631 
1911308 
1912620 
1912869 
1913015 
1913210 
1913809 
1914127 
1914136 
1914734 
1915149 
1915231 
1915566 
1915721 
1915949 
1916139 
1916225 
1918054 
1918435 
1918726 
1919351 
1919772 
1919808 
1920264 
1920631 
1920697 
1920759 
1921046 
1921236 
1921261 
1921308 
1921595 
1921856 
1921960 
1922973 
1923346 
1924036 
1924522 
1925009 
1925030 
1925044 
1925143 
1925169 
1925332 
1925489 
1925813 
1925853 
1926823 
1927264 
1928150 
1928558 
1929009 
1929458 
1930248 
1932392 
1932537 
1932612 
1932821 
1932875 
1933010 
1933069 
1933408 
1933616 
1934696 
1934961 
1935470 
1935598 
1935708 
1935926 
1936213 
1936670 
1936705 
1936928 
1937182 
1937720 
1938015 
1938098 
1938308 
1938566 
1938587 
1938883 
1939219 
1939334 
1939484 
1939557 
1940331 
1940376 
1940465 
1941297 
1941535 
1941831 
1941938 
1941985 
1942100 
1942206 
1942253 
1942599 
1942858 
1942974 
1942992 
1943285 
1943903 
1943936 
1944726 
1944951 
1945395 
1945739 
1945752 
1946161 
1946520 
1947114 
1947285 
1947396 
1947431 
1947542 
1947631 
1949237 
1949764 
1949977 
1950235 
1950343 
1950590 
1950673 
1951119 
1951168 
1951324 
1951963 
1952331 
1952641 
1952964 
1953022 
1953240 
1953308 
1953450 
1954004 
1954078 
1955489 
1955664 
1955734 
1955785 
1955999 
1956212 
1956441 
1957022 
1957149 
1957326 
1957632 
1957790 
1957932 
1958021 
1958203 
1958887 
1959022 
1959082 
1959266 
1959484 
1959553 
1959999 
1960469 
1960588 
1960970 
1961631 
1961750 
1961819 
1961905 
1962256 
1962642 
1962953 
1962970 
1962974 
1963203 
1963357 
1964442 
1964580 
1964698 
1964985 
1965158 
1965300 
1965344 
1965404 
1965794 
1965836 
1965881 
1966060 
1966130 
1966286 
1966296 
1966350 
1967437 
1967489 
1968184 
1968294 
1969460 
1969880 
1970771 
1971416 
1971517 
1971693 
1971792 
1971831 
1972066 
1973045 
1973940 
1974214 
1974308 
1974437 
1974512 
1974522 
1974813 
1975567 
1975926 
1976593 
1976802 
1977087 
1977189 
1977332 
1977714 
1978025 
1978259 
1979079 
1979294 
1979495 
1980493 
1980751 
1981032 
1981104 
1981299 
1981329 
1981365 
1981770 
1982307 
1982557 
1982595 
1982632 
1982790 
1983564 
1983818 
1984152 
1984383 
1984465 
1984553 
1984587 
1984816 
1985493 
1986062 
1986200 
1986232 
1987093 
1987324 
1987440 
1987504 
1987761 
1987919 
1988901 
1988987 
1989122 
1989146 
1990031 
1990219 
1990321 
1990602 
1991270 
1991450 
1991460 
1991806 
1991944 
1991949 
1991998 
1992082 
1992162 
1992200 
1992732 
1992774 
1992899 
1993407 
1993423 
1993585 
1993621 
1993627 
1993887 
1993936 
1993959 
1994118 
1994233 
1994838 
1994911 
1994945 
1995044 
1995056 
1995238 
1995672 
1995701 
1995884 
1996152 
1996411 
1996585 
1997287 
1997426 
1997558 
1997803 
1998498 
1998678 
1998714 
1998782 
1998901 
2000028 
2000492 
2000666 
2000874 
2001036 
2001193 
2001408 
2001505 
2001602 
2001608 
2001671 
2001717 
2001921 
2002046 
2002222 
2002762 
2002945 
2003460 
2003718 
2004050 
2004230 
2004292 
2004674 
2004905 
2004997 
2005175 
2005374 
2005481 
2005498 
2005838 
2005893 
2006165 
2006484 
2006726 
2006761 
2007031 
2007635 
2007795 
2007993 
2008139 
2008150 
2008215 
2008420 
2008776 
2008801 
2008810 
2008929 
2008960 
2009016 
2009184 
2009231 
2009321 
2009555 
2009739 
2009971 
2009974 
2010119 
2010133 
2011215 
2011528 
2011669 
2011715 
2011769 
2011925 
2011928 
2011941 
2012277 
2012405 
2012524 
2012563 
2012930 
2012940 
2013410 
2013973 
2015005 
2015468 
2015658 
2016917 
2017003 
2017373 
2017507 
2017714 
2017767 
2017918 
2018145 
2018176 
2018431 
2018557 
2018697 
2019221 
2019642 
2020452 
2020558 
2020654 
2020815 
2020861 
2020863 
2020924 
2020977 
2021089 
2021143 
2021199 
2021229 
2021310 
2021420 
2021517 
2021932 
2022158 
2022182 
2022311 
2022337 
2023078 
2023277 
2023350 
2023727 
2024049 
2024100 
2024139 
2024679 
2024897 
2025253 
2025466 
2026295 
2026750 
2026999 
2027012 
2027150 
2027279 
2027401 
2027405 
2027531 
2027806 
2028025 
2028065 
2028096 
2028264 
2028409 
2028422 
2028711 
2028722 
2029078 
2030316 
2030530 
2030612 
2030709 
2030767 
2030801 
2030852 
2031046 
2031094 
2031157 
2031275 
2031634 
2031688 
2031768 
2032024 
2032212 
2032648 
2032913 
2033130 
2033449 
2033511 
2033865 
2034017 
2034322 
2034374 
2034381 
2034536 
2034602 
2034654 
2034888 
2035102 
2035296 
2035424 
2035584 
2035662 
2036152 
2036396 
2036401 
2036451 
2036556 
2036896 
2037008 
2037075 
2037104 
2037233 
2037388 
2037395 
2037539 
2037859 
2037890 
2038054 
2038429 
2038746 
2038894 
2039201 
2039599 
2039739 
2039747 
2039789 
2039840 
2040194 
2040897 
2040963 
2040983 
2041137 
2041392 
2041412 
2041947 
2042699 
2043137 
2043381 
2043493 
2043872 
2043939 
2043975 
2044111 
2044382 
2044560 
2044570 
2044663 
2044869 
2045002 
2045248 
2045267 
2045279 
2045410 
2045808 
2046020 
2046105 
2046248 
2046285 
2046499 
2046642 
2046760 
2046785 
2046796 
2046814 
2046892 
2046934 
2046945 
2046978 
2047206 
2047281 
2048067 
2048136 
2048146 
2048342 
2048567 
2048869 
2048979 
2048989 
2048995 
2049100 
2049450 
2049751 
2049907 
2050138 
2050524 
2050585 
2050748 
2051094 
2051371 
2051429 
2051679 
2051769 
2051929 
2051947 
2052198 
2052239 
2052282 
2052498 
2052573 
2052700 
2052827 
2052918 
2053086 
2053308 
2053357 
2053743 
2053972 
2053975 
2054207 
2054523 
2054755 
2054831 
2054927 
2055227 
2055531 
2055992 
2056588 
2056600 
2056974 
2056977 
2057003 
2057070 
2057233 
2057426 
2057564 
2057618 
2057671 
2057970 
2058132 
2058263 
2058282 
2058375 
2058496 
2058546 
2058954 
2059016 
2059136 
2059998 
2060325 
2060356 
2060530 
2060622 
2060636 
2061092 
2061421 
2061523 
2061532 
2061716 
2061767 
2061822 
2061895 
2061907 
2062033 
2062310 
2062598 
2062648 
2062743 
2063101 
2063160 
2063250 
2063265 
2063585 
2063789 
2063900 
2063905 
2064187 
2064927 
2065118 
2065256 
2065259 
2065349 
2065655 
2065677 
2065687 
2065943 
2066010 
2066083 
2066334 
2066356 
2066649 
2066695 
2066708 
2066712 
2067166 
2067209 
2067219 
2067354 
2067403 
2067979 
2068017 
2068261 
2068380 
2068577 
2068954 
2069141 
2069264 
2069741 
2069947 
2070151 
2070214 
2070340 
2070405 
2070432 
2070636 
2071009 
2071152 
2071276 
2071335 
2071379 
2071408 
2071663 
2071795 
2072196 
2072261 
2072433 
2072612 
2073137 
2073298 
2073514 
2073546 
2073568 
2073607 
2073675 
2073778 
2073861 
2073907 
2074269 
2074295 
2074545 
2074716 
2074918 
2074985 
2075004 
2075341 
2075508 
2075786 
2075808 
2075876 
2076732 
2076764 
2076918 
2076980 
2077105 
2077160 
2077222 
2077266 
2077302 
2077470 
2077611 
2077738 
2077740 
2077775 
2077905 
2077913 
2078073 
2078358 
2078373 
2078673 
2079026 
2079090 
2079260 
2079935 
2080030 
2080110 
2080153 
2080222 
2080281 
2080404 
2080727 
2080806 
2080823 
2081344 
2081379 
2081493 
2081686 
2081713 
2081744 
2081989 
2082230 
2082336 
2082469 
2082632 
2082748 
2082925 
2083699 
2083710 
2083771 
2083970 
2084118 
2084178 
2084222 
2084238 
2084591 
2084646 
2085208 
2085723 
2085751 
2085882 
2085988 
2085994 
2086132 
2086177 
2086211 
2086498 
2086666 
2086677 
2086688 
2086704 
2086889 
2087088 
2087162 
2087259 
2087373 
2087620 
2088137 
2088219 
2088360 
2088521 
2088676 
2088688 
2089074 
2089123 
2089214 
2089303 
2089307 
2089374 
2089546 
2089722 
2089754 
2089778 
2089805 
2089974 
2090300 
2090306 
2090816 
2090833 
2091193 
2091332 
2091393 
2091432 
2091587 
2091794 
2091830 
2092081 
2092293 
2092345 
2092672 
2092694 
2092778 
2092861 
2092941 
2093056 
2093131 
2093484 
2093535 
2093895 
2094137 
2094649 
2094667 
2094799 
2094904 
2095013 
2095076 
2095095 
2095285 
2095330 
2095692 
2095922 
2095979 
2096308 
2096595 
2096716 
2096728 
2096887 
2097106 
2097228 
2097260 
2097451 
2097586 
2097614 
2098090 
2098250 
2098362 
2098483 
2098828 
2098878 
2098916 
2099202 
2099280 
2099289 
2099312 
2099320 
2099546 
2099624 
2099639 
2099658 
2100312 
2100535 
2100861 
2101043 
2101071 
2101118 
2101269 
2101304 
2101387 
2101410 
2101436 
2101483 
2101544 
2101559 
2102045 
2102062 
2102254 
2102317 
2102350 
2102363 
2102614 
2102730 
2102883 
2103001 
2103055 
2103110 
2103267 
2103274 
2103589 
2103858 
2104067 
2104207 
2104266 
2104296 
2104406 
2104836 
2105090 
2105149 
2105600 
2105847 
2105854 
2105961 
2106107 
2106145 
2106261 
2106392 
2106437 
2106438 
2106442 
2106511 
2106697 
2106921 
2106988 
2107056 
2107126 
2107246 
2107326 
2107394 
2107518 
2107522 
2107713 
2107763 
2107771 
2107839 
2107917 
2108063 
2108147 
2108169 
2108174 
2108232 
2108277 
2108290 
2108385 
2108439 
2108479 
2108561 
2108879 
2109096 
2109256 
2109318 
2109462 
2109550 
2109746 
2109959 
2110029 
2110107 
2110377 
2110398 
2110631 
2110754 
2110830 
2110876 
2111175 
2111261 
2111457 
2111763 
2111860 
2111952 
2112031 
2112147 
2112165 
2112212 
2112519 
2112598 
2112687 
2112790 
2112890 
2112969 
2113144 
2113214 
2113277 
2113401 
2113598 
2113626 
2113769 
2113815 
2113919 
2113955 
2114278 
2114448 
2114466 
2114507 
2114865 
2114886 
2115043 
2115077 
2115381 
2115583 
2115787 
2115856 
2115971 
2116003 
2116093 
2116099 
2116125 
2116391 
2116430 
2116866 
2116916 
2116997 
2117058 
2117081 
2117115 
2117439 
2117441 
2117548 
2117605 
2117633 
2117810 
2117828 
2117887 
2117904 
2117933 
2118110 
2118154 
2118178 
2118308 
2118574 
2118618 
2118651 
2118682 
2118693 
2118895 
2119311 
2119401 
2119467 
2119781 
2119976 
2119998 
2120169 
2120241 
2120285 
2120403 
2120417 
2120483 
2121217 
2121473 
2121619 
2121665 
2121673 
2121678 
2122082 
2122686 
2122817 
2123000 
2123036 
2123726 
2123755 
2123804 
2123938 
2124055 
2124166 
2124372 
2124378 
2124521 
2124605 
2124625 
2124692 
2124734 
2125058 
2125157 
2125234 
2125314 
2125457 
2125537 
2125565 
2125736 
2126033 
2126241 
2126575 
2126588 
2126595 
2126632 
2126687 
2126721 
2127278 
2127328 
2127449 
2127451 
2127547 
2127621 
2127777 
2127859 
2127999 
2128157 
2128238 
2128251 
2128592 
2128626 
2128696 
2128739 
2128799 
2128841 
2128968 
2129120 
2129236 
2129259 
2129305 
2129456 
2129465 
2129534 
2129581 
2129638 
2129740 
2129757 
2129786 
2129812 
2129887 
2130049 
2130124 
2130206 
2130313 
2130379 
2130509 
2130958 
2131062 
2131068 
2131140 
2131247 
2131281 
2131979 
2132100 
2132248 
2132355 
2132383 
2132604 
2132689 
2132843 
2132912 
2132999 
2133123 
2133399 
2133732 
2133755 
2134024 
2134303 
2134324 
2134458 
2134607 
2134825 
2134972 
2135075 
2135370 
2135383 
2135452 
2135642 
2135687 
2135699 
2135711 
2135721 
2135748 
2135992 
2136000 
2136034 
2136081 
2136103 
2136164 
2136422 
2136441 
2136670 
2136752 
2136756 
2136821 
2136828 
2136895 
2137056 
2137092 
2137099 
2137169 
2137248 
2137361 
2137367 
2137576 
2137645 
2137653 
2137776 
2137809 
2138011 
2138101 
2138166 
2138235 
2138316 
2138318 
2138327 
2138364 
2138565 
2138694 
2138772 
2138801 
2138829 
2138872 
2139033 
2139197 
2139246 
2139322 
2139329 
2139482 
2139525 
2139646 
2139684 
2139760 
2139783 
2139874 
2140102 
2140199 
2140699 
2140742 
2141229 
2141280 
2141461 
2141691 
2141770 
2141844 
2141935 
2141998 
2142013 
2142210 
2142408 
2142423 
2142450 
2142493 
2142590 
2142604 
2142629 
2142697 
2142736 
2142846 
2143084 
2143310 
2143407 
2143544 
2143548 
2143604 
2143721 
2143743 
2143819 
2143914 
2143983 
2144238 
2144436 
2144446 
2144745 
2144830 
2144902 
2144983 
2145068 
2145289 
2145774 
2146056 
2146082 
2146124 
2146139 
2146395 
2146755 
2146805 
2146820 
2146826 
2146842 
2146949 
2146957 
2147000 
2147122 
2147147 
2147230 
2147237 
2147287 
2147404 
2147564 
2147607 
2147658 
2147661 
2147719 
2147785 
2147830 
2148003 
2148005 
2148437 
2148745 
2149032 
2149176 
2149719 
2150018 
2150023 
2150093 
2150097 
2150274 
2150385 
2150424 
2150481 
2150515 
2150593 
2150786 
2150796 
2150808 
2150852 
2151018 
2151308 
2151798 
2151816 
2151893 
2151924 
2151999 
2152043 
2152484 
2152871 
2152931 
2153420 
2153535 
2153553 
2153655 
2153711 
2153866 
2154526 
2155054 
2155158 
2155261 
2155286 
2155333 
2155400 
2155423 
2155588 
2155618 
2155658 
2155663 
2155765 
2155859 
2155925 
2155984 
2156083 
2156112 
2156121 
2156221 
2156248 
2156444 
2156640 
2156882 
2157018 
2157147 
2157189 
2157254 
2157339 
2157343 
2157468 
2157509 
2157604 
2157751 
2157813 
2158366 
2158590 
2158605 
2158629 
2158676 
2158689 
2158762 
2158926 
2158929 
2158991 
2159146 
2159325 
2159423 
2159469 
2159625 
2159682 
2159791 
2159864 
2159865 
2159909 
2159927 
2159959 
2159968 
2160048 
2160058 
2160067 
2160104 
2160233 
2160247 
2160417 
2160574 
2160601 
2161088 
2161120 
2161462 
2161604 
2161627 
2161635 
2161709 
2161718 
2161819 
2161924 
2161986 
2162031 
2162066 
2162220 
2162269 
2162348 
2162441 
2162661 
2162736 
2162760 
2162776 
2162792 
2162976 
2162981 
2163038 
2163233 
2163705 
2163767 
2163846 
2163989 
2164280 
2164492 
2164535 
2164803 
2164835 
2165039 
2165253 
2165316 
2165321 
2165415 
2165510 
2165576 
2165948 
2165956 
2166039 
2166129 
2166223 
2166254 
2166486 
2166605 
2166760 
2166912 
2166975 
2167527 
2167589 
2167658 
2167683 
2168289 
2168296 
2168307 
2168457 
2168462 
2168865 
2168915 
2168975 
2169004 
2169037 
2169149 
2169258 
2169415 
2169880 
2169910 
2170031 
2170049 
2170051 
2170074 
2170079 
2170102 
2170312 
2170371 
2170380 
2170519 
2170541 
2170769 
2170818 
2170843 
2170863 
2170971 
2171061 
2171065 
2171072 
2171121 
2171366 
2171429 
2171442 
2171592 
2171682 
2171914 
2171991 
2172206 
2172208 
2172296 
2172429 
2172447 
2172476 
2172555 
2172576 
2172681 
2172757 
2172779 
2173001 
2173291 
2173318 
2173367 
2173388 
2173459 
2173474 
2173489 
2173653 
2173748 
2173780 
2174013 
2174022 
2174046 
2174088 
2174329 
2174561 
2174832 
2174886 
2174907 
2175089 
2175171 
2175460 
2175603 
2175727 
2176073 
2176136 
2176156 
2176173 
2176378 
2176537 
2176657 
2177004 
2177072 
2177146 
2177267 
2177437 
2177448 
2177514 
2177740 
2177785 
2177801 
2177945 
2178097 
2178380 
2178442 
2178463 
2178528 
2178546 
2178635 
2178785 
2178886 
2178899 
2178962 
2179076 
2179090 
2179158 
2179402 
2179717 
2179865 
2179888 
2180338 
2180499 
2180896 
2180940 
2181114 
2181560 
2181579 
2181714 
2181761 
2181796 
2181885 
2182019 
2182104 
2182138 
2182174 
2182328 
2182334 
2182398 
2182481 
2182736 
2182926 
2183050 
2183534 
2183690 
2183808 
2183813 
2183831 
2183956 
2183958 
2184026 
2184307 
2184443 
2184466 
2184514 
2184645 
2184668 
2184747 
2184799 
2184881 
2184895 
2184910 
2184919 
2184951 
2184974 
2185335 
2185355 
2185468 
2185484 
2185564 
2185619 
2185665 
2185683 
2185728 
2185771 
2185775 
2185868 
2186084 
2186104 
2186203 
2186227 
2186262 
2186271 
2186319 
2186367 
2186438 
2186608 
2186816 
2186967 
2187348 
2187484 
2187506 
2187525 
2187665 
2187669 
2187753 
2187766 
2188006 
2188076 
2188345 
2188381 
2188393 
2188451 
2188856 
2189312 
2189505 
2189574 
2189609 
2189682 
2189782 
2189822 
2189995 
2190083 
2190109 
2190185 
2190285 
2190319 
2190360 
2190460 
2190471 
2190550 
2190658 
2190738 
2190836 
2190841 
2190891 
2190938 
2190964 
2191004 
2191043 
2191741 
2191795 
2191992 
2192186 
2192345 
2192425 
2192480 
2192739 
2192872 
2192933 
2193471 
2193558 
2193576 
2193881 
2193888 
2193900 
2193902 
2193944 
2193946 
2193967 
2194046 
2194150 
2194289 
2194451 
2194543 
2194907 
2195107 
2195197 
2195233 
2195364 
2195533 
2195676 
2195752 
2196143 
2196314 
2196422 
2196512 
2196693 
2196726 
2196769 
2196774 
2196784 
2196794 
2196870 
2196943 
2197172 
2197246 
2197251 
2197316 
2197393 
2197510 
2197519 
2197593 
2197598 
2197816 
2197846 
2197944 
2198039 
2198107 
2198200 
2198311 
2198484 
2198495 
2198619 
2198716 
2199222 
2199228 
2199288 
2199335 
2199457 
2199574 
2199644 
2199982 
2200051 
2200125 
2200164 
2200176 
2200203 
2200412 
2200540 
2200563 
2200603 
2200642 
2200692 
2200865 
2200876 
2200964 
2201031 
2201083 
2201200 
2201523 
2201588 
2201647 
2201772 
2201820 
2201891 
2201975 
2201991 
2202021 
2202297 
2202311 
2202356 
2202385 
2202540 
2202649 
2202670 
2202684 
2202746 
2202783 
2202812 
2202972 
2203037 
2203118 
2203126 
2203161 
2203175 
2203277 
2203566 
2203614 
2203649 
2203694 
2203860 
2203871 
2203934 
2204240 
2204263 
2204371 
2204664 
2204801 
2204820 
2205042 
2205106 
2205151 
2205251 
2205403 
2205468 
2205471 
2205547 
2205612 
2205736 
2205741 
2205911 
2205932 
2206057 
2206082 
2206160 
2206299 
2206424 
2206480 
2206616 
2206617 
2206651 
2206661 
2206685 
2206800 
2206865 
2206870 
2207034 
2207096 
2207229 
2207245 
2207296 
2207367 
2207577 
2207672 
2207734 
2207772 
2207801 
2207860 
2207880 
2207969 
2207979 
2208076 
2208371 
2208379 
2208527 
2208760 
2208877 
2208888 
2208949 
2209044 
2209209 
2209226 
2209276 
2209432 
2209456 
2209807 
2209878 
2209968 
2210070 
2210303 
2210308 
2210340 
2210421 
2210539 
2210996 
2211176 
2211195 
2211200 
2211227 
2211257 
2211308 
2211499 
2211633 
2211666 
2211850 
2212115 
2212129 
2212151 
2212294 
2212326 
2212391 
2212411 
2212432 
2212469 
2212647 
2212795 
2212850 
2212890 
2212946 
2213021 
2213165 
2213490 
2213580 
2213596 
2213611 
2213634 
2213672 
2213694 
2213774 
2213828 
2213867 
2213990 
2214091 
2214108 
2214159 
2214266 
2214357 
2214621 
2214735 
2214893 
2214956 
2215282 
2215416 
2215572 
2216051 
2216057 
2216162 
2216420 
2216428 
2216497 
2216502 
2216569 
2216616 
2216723 
2216779 
2216782 
2216804 
2216832 
2216924 
2216999 
2217042 
2217169 
2217192 
2217254 
2217280 
2217345 
2217536 
2217579 
2217787 
2217808 
2217880 
2217920 
2218272 
2218331 
2218368 
2218408 
2218476 
2218808 
2218925 
2218938 
2218963 
2219067 
2219138 
2219281 
2219339 
2219414 
2219443 
2219458 
2219490 
2219517 
2219715 
2219718 
2219836 
2219839 
2219843 
2220055 
2220085 
2220104 
2220500 
2220594 
2220793 
2220974 
2221180 
2221222 
2221743 
2222068 
2222160 
2222213 
2222278 
2222318 
2222346 
2222402 
2222444 
2222581 
2222767 
2222825 
2222949 
2223094 
2223165 
2223248 
2223257 
2223321 
2223330 
2223375 
2223421 
2223506 
2223662 
2223686 
2223811 
2223950 
2224026 
2224041 
2224151 
2224216 
2224264 
2224317 
2224354 
2224366 
2224424 
2224430 
2224578 
2224618 
2224651 
2224653 
2225084 
2225173 
2225181 
2225386 
2225617 
2225683 
2225721 
2225723 
2225730 
2225741 
2225789 
2225905 
2225934 
2226022 
2226156 
2226169 
2226262 
2226351 
2226353 
2226601 
2226725 
2226812 
2226848 
2226920 
2226929 
2226952 
2227020 
2227159 
2227320 
2227646 
2227758 
2228162 
2228226 
2228276 
2228382 
2228395 
2228958 
2229266 
2229423 
2229538 
2229559 
2229561 
2229617 
2229681 
2229711 
2229840 
2229842 
2230012 
2230020 
2230055 
2230087 
2230098 
2230267 
2230347 
2230368 
2230409 
2230636 
2230672 
2230749 
2230782 
2230801 
2230856 
2230886 
2231126 
2231235 
2231433 
2231460 
2231526 
2231726 
2231790 
2231795 
2231803 
2231842 
2232114 
2232249 
2232377 
2232407 
2232515 
2232562 
2232651 
2232664 
2232778 
2232793 
2232864 
2232904 
2232960 
2232965 
2233130 
2233375 
2233446 
2233469 
2233564 
2233688 
2233707 
2233751 
2233894 
2233929 
2233933 
2233937 
2233954 
2233981 
2234002 
2234184 
2234389 
2234592 
2234700 
2234739 
2234864 
2234887 
2234902 
2234940 
2234981 
2234985 
2235117 
2235269 
2235278 
2235288 
2235331 
2235450 
2235866 
2235896 
2235990 
2236013 
2236295 
2236340 
2236401 
2236693 
2236740 
2236748 
2236831 
2237006 
2237027 
2237164 
2237204 
2237294 
2237453 
2237506 
2237707 
2237734 
2237863 
2237939 
2238056 
2238165 
2238185 
2238433 
2238461 
2238472 
2238537 
2238545 
2238653 
2238909 
2238939 
2238972 
2239023 
2239075 
2239180 
2239250 
2239360 
2239481 
2239532 
2239681 
2239696 
2239737 
2239748 
2239863 
2240038 
2240783 
2240840 
2240950 
2240974 
2241187 
2241304 
2241592 
2241596 
2241627 
2241678 
2241793 
2241859 
2241964 
2242145 
2242249 
2242277 
2242356 
2242396 
2242517 
2242529 
2242566 
2242574 
2242591 
2242672 
2242708 
2242814 
2242872 
2243073 
2243106 
2243130 
2243132 
2243242 
2243288 
2243340 
2243536 
2243548 
2243601 
2243761 
2243775 
2243800 
2243909 
2244017 
2244127 
2244139 
2244198 
2244284 
2244301 
2244366 
2244370 
2244453 
2244607 
2244637 
2244715 
2244759 
2244798 
2245023 
2245036 
2245076 
2245172 
2245597 
2245601 
2245629 
2245634 
2245876 
2246029 
2246099 
2246323 
2246351 
2246438 
2246534 
2246569 
2246612 
2246662 
2246674 
2246683 
2246778 
2246938 
2247055 
2247399 
2247432 
2247447 
2247580 
2247802 
2247868 
2248005 
2248010 
2248295 
2248337 
2248435 
2248456 
2248514 
2248525 
2248540 
2248626 
2248841 
2248894 
2249094 
2249136 
2249161 
2249224 
2249290 
2249346 
2249553 
2249752 
2249966 
2250078 
2250211 
2250299 
2250348 
2250383 
2250558 
2250614 
2250686 
2250804 
2250995 
2251224 
2251278 
2251377 
2251430 
2251512 
2251755 
2251808 
2252003 
2252112 
2252173 
2252201 
2252241 
2252305 
2252343 
2252392 
2252399 
2252442 
2252506 
2252752 
2252769 
2252803 
2252917 
2253105 
2253246 
2253318 
2253325 
2253424 
2253518 
2253569 
2253608 
2253819 
2253850 
2254077 
2254240 
2254393 
2254397 
2254431 
2254446 
2254448 
2254631 
2254760 
2254763 
2254765 
2254790 
2254853 
2254902 
2254976 
2254982 
2255047 
2255060 
2255175 
2255288 
2255348 
2255444 
2255782 
2255823 
2255833 
2255846 
2255929 
2255936 
2256065 
2256147 
2256166 
2256173 
2256218 
2256223 
2256411 
2256495 
2256552 
2256596 
2256866 
2256879 
2256898 
2256930 
2256982 
2256995 
2257095 
2257140 
2257257 
2257349 
2257369 
2257434 
2257471 
2257518 
2257526 
2257667 
2257833 
2257875 
2258220 
2258453 
2258460 
2258479 
2258543 
2258549 
2258726 
2258755 
2258861 
2258994 
2259002 
2259117 
2259230 
2259333 
2259409 
2259548 
2259729 
2259735 
2259846 
2260112 
2260117 
2260582 
2260591 
2260615 
2260650 
2260688 
2260790 
2261099 
2261142 
2261231 
2261274 
2261396 
2261621 
2261724 
2261760 
2261927 
2262173 
2262303 
2262512 
2262636 
2262661 
2262928 
2263007 
2263134 
2263154 
2263276 
2263373 
2263380 
2263422 
2263464 
2263630 
2263828 
2263864 
2263894 
2263909 
2263997 
2264014 
2264038 
2264097 
2264249 
2264371 
2264536 
2264606 
2264638 
2264701 
2264784 
2264899 
2264971 
2265032 
2265118 
2265127 
2265404 
2265429 
2265436 
2265483 
2265489 
2265588 
2265714 
2265954 
2265987 
2266047 
2266340 
2266406 
2266409 
2266466 
2266483 
2266588 
2266624 
2266736 
2266753 
2266817 
2266936 
2266983 
2267048 
2267124 
2267507 
2267606 
2267615 
2267627 
2267644 
2267671 
2267794 
2267989 
2268017 
2268071 
2268116 
2268372 
2268420 
2268503 
2268583 
2268685 
2268920 
2269042 
2269047 
2269211 
2269245 
2269257 
2269463 
2269847 
2269880 
2270011 
2270065 
2270110 
2270208 
2270227 
2270318 
2270333 
2270349 
2270390 
2270471 
2270534 
2270541 
2270567 
2270642 
2270918 
2271012 
2271064 
2271181 
2271301 
2271330 
2271341 
2271370 
2271378 
2271611 
2271827 
2271876 
2271925 
2271994 
2272063 
2272079 
2272134 
2272258 
2272405 
2272443 
2272487 
2272518 
2272637 
2272701 
2272905 
2272928 
2272929 
2272972 
2273096 
2273105 
2273126 
2273286 
2273302 
2273315 
2273502 
2273510 
2273539 
2273860 
2274010 
2274090 
2274284 
2274663 
2274689 
2274787 
2274976 
2275028 
2275035 
2275095 
2275285 
2275467 
2275722 
2276011 
2276022 
2276081 
2276236 
2276238 
2276407 
2276578 
2276828 
2277018 
2277034 
2277179 
2277193 
2277195 
2277272 
2277313 
2277326 
2277422 
2277531 
2278051 
2278118 
2278158 
2278294 
2278419 
2278500 
2278507 
2278692 
2278711 
2278749 
2278789 
2278825 
2278861 
2278862 
2278891 
2278966 
2278976 
2279048 
2279157 
2279203 
2279310 
2279400 
2279433 
2279465 
2279597 
2279651 
2279672 
2279792 
2279822 
2279891 
2279915 
2279921 
2279985 
2280134 
2280183 
2280233 
2280263 
2280401 
2280403 
2280405 
2280450 
2280455 
2280606 
2280749 
2280765 
2280805 
2280895 
2280930 
2280944 
2280994 
2281073 
2281075 
2281090 
2281132 
2281148 
2281272 
2281354 
2281387 
2281397 
2281451 
2281767 
2281790 
2281845 
2281937 
2281979 
2282332 
2282561 
2282635 
2282638 
2282645 
2282683 
2282699 
2282711 
2282820 
2282876 
2283062 
2283222 
2283233 
2283274 
2283297 
2283491 
2283636 
2283652 
2283762 
2283838 
2283848 
2283866 
2283966 
2284097 
2284114 
2284212 
2284490 
2284531 
2284622 
2284632 
2284698 
2284856 
2284926 
2284989 
2285028 
2285092 
2285303 
2285590 
2285679 
2285724 
2285754 
2285764 
2285936 
2286048 
2286194 
2286262 
2286273 
2286320 
2286433 
2286588 
2286591 
2286795 
2286831 
2286866 
2286906 
2286981 
2287014 
2287113 
2287173 
2287218 
2287306 
2287491 
2287518 
2287570 
2287576 
2287656 
2287696 
2287865 
2288103 
2288121 
2288180 
2288248 
2288280 
2288323 
2288565 
2288697 
2288896 
2289015 
2289101 
2289137 
2289304 
2289348 
2289408 
2289418 
2289429 
2289479 
2289522 
2289654 
2289695 
2289717 
2289804 
2289817 
2289873 
2289952 
2289999 
2290005 
2290025 
2290075 
2290181 
2290300 
2290384 
2290498 
2290571 
2290712 
2290713 
2290902 
2290903 
2290935 
2290989 
2291013 
2291032 
2291118 
2291151 
2291180 
2291232 
2291289 
2291361 
2291721 
2291742 
2291764 
2291880 
2291888 
2291903 
2292060 
2292137 
2292421 
2292453 
2292543 
2292589 
2292740 
2292901 
2292979 
2293106 
2293139 
2293156 
2293197 
2293204 
2293314 
2293375 
2293402 
2293837 
2293909 
2294060 
2294096 
2294269 
2294275 
2294466 
2294520 
2294740 
2294746 
2294793 
2294906 
2295141 
2295189 
2295270 
2295424 
2295552 
2295586 
2295608 
2295632 
2295698 
2295744 
2295863 
2295975 
2296051 
2296220 
2296264 
2296302 
2296321 
2296345 
2296352 
2296536 
2296562 
2296608 
2296662 
2296700 
2296836 
2296904 
2296963 
2297043 
2297123 
2297170 
2297195 
2297220 
2297318 
2297431 
2297454 
2297462 
2297478 
2297979 
2297989 
2298083 
2298099 
2298112 
2298417 
2298446 
2298469 
2298728 
2298752 
2298824 
2298883 
2298934 
2298940 
2299028 
2299034 
2299060 
2299068 
2299128 
2299169 
2299203 
2299269 
2299290 
2299300 
2299337 
2299442 
2299538 
2299544 
2299638 
2299825 
2299874 
2300088 
2300115 
2300275 
2300489 
2300565 
2300580 
2300617 
2300841 
2300921 
2300966 
2301108 
2301163 
2301253 
2301352 
2301644 
2301687 
2301695 
2301855 
2301859 
2301869 
2301926 
2301986 
2301994 
2302004 
2302240 
2302380 
2302402 
2302487 
2302551 
2302687 
2302721 
2302784 
2302821 
2302837 
2302911 
2302954 
2303001 
2303058 
2303070 
2303099 
2303178 
2303344 
2303655 
2303671 
2303763 
2303926 
2303970 
2304066 
2304102 
2304160 
2304241 
2304420 
2304429 
2304613 
2304900 
2304920 
2304971 
2305012 
2305052 
2305100 
2305163 
2305194 
2305270 
2305563 
2305610 
2305711 
2305839 
2305929 
2305960 
2306237 
2306244 
2306324 
2306498 
2306505 
2306509 
2306574 
2306606 
2306660 
2306852 
2306911 
2306924 
2307014 
2307133 
2307265 
2307280 
2307485 
2307557 
2307717 
2307738 
2307894 
2308029 
2308109 
2308178 
2308190 
2308331 
2308432 
2308448 
2308699 
2308885 
2309013 
2309059 
2309100 
2309108 
2309287 
2309409 
2309433 
2309453 
2309596 
2309624 
2309836 
2309921 
2310113 
2310146 
2310154 
2310384 
2310390 
2310430 
2310532 
2310708 
2310881 
2310884 
2310939 
2311044 
2311076 
2311099 
2311148 
2311265 
2311274 
2311277 
2311292 
2311578 
2311738 
2311941 
2312114 
2312211 
2312244 
2312253 
2312337 
2312549 
2312650 
2312706 
2312739 
2312834 
2312898 
2312996 
2313043 
2313116 
2313136 
2313154 
2313320 
2313404 
2313456 
2313484 
2313616 
2313866 
2313885 
2313975 
2314003 
2314049 
2314188 
2314229 
2314238 
2314540 
2314656 
2314657 
2314679 
2314837 
2314878 
2314980 
2315024 
2315108 
2315145 
2315239 
2315273 
2315306 
2315395 
2315412 
2315522 
2315563 
2315744 
2315825 
2315883 
2316250 
2316445 
2316758 
2316833 
2316895 
2317027 
2317132 
2317191 
2317374 
2317425 
2317430 
2317550 
2317577 
2317691 
2317740 
2317831 
2317884 
2317962 
2318048 
2318275 
2318326 
2318490 
2318512 
2318674 
2318738 
2318790 
2318823 
2318924 
2319022 
2319177 
2319194 
2319286 
2319544 
2319639 
2319673 
2319801 
2319832 
2319854 
2319957 
2319979 
2320145 
2320283 
2320398 
2320874 
2321065 
2321095 
2321192 
2321222 
2321228 
2321249 
2321264 
2321352 
2321414 
2321448 
2321679 
2321846 
2321855 
2322103 
2322275 
2322397 
2322435 
2322692 
2322744 
2322853 
2323011 
2323147 
2323356 
2323471 
2323511 
2323517 
2323520 
2323587 
2323602 
2323857 
2323927 
2323946 
2324017 
2324147 
2324159 
2324199 
2324212 
2324343 
2324453 
2324620 
2324628 
2324698 
2324755 
2324911 
2325024 
2325084 
2325106 
2325242 
2325351 
2325434 
2326072 
2326101 
2326177 
2326333 
2326413 
2326815 
2326900 
2327302 
2327359 
2327470 
2327634 
2327727 
2328150 
2328164 
2328221 
2328445 
2328474 
2328544 
2329078 
2329103 
2329129 
2329165 
2329249 
2329319 
2329532 
2329859 
2329899 
2329919 
2329950 
2330092 
2330180 
2330260 
2330278 
2330279 
2330422 
2330450 
2330472 
2330936 
2330977 
2331043 
2331061 
2331145 
2331156 
2331264 
2331319 
2331423 
2331575 
2331594 
2331666 
2331769 
2332002 
2332032 
2332047 
2332057 
2332104 
2332138 
2332235 
2332251 
2332254 
2332284 
2332292 
2332449 
2332579 
2332593 
2332906 
2333143 
2333256 
2333579 
2333684 
2333710 
2333748 
2333901 
2333908 
2334127 
2334359 
2334388 
2334431 
2334461 
2334511 
2334552 
2334609 
2334626 
2334633 
2334646 
2334658 
2334755 
2334804 
2334806 
2334834 
2334873 
2334894 
2335080 
2335494 
2335539 
2335544 
2335569 
2335615 
2335660 
2335662 
2335791 
2335873 
2336031 
2336094 
2336120 
2336169 
2336222 
2336280 
2336458 
2336535 
2336562 
2336620 
2336662 
2336682 
2336888 
2336952 
2337065 
2337219 
2337357 
2337536 
2337581 
2337663 
2337751 
2337752 
2337754 
2337998 
2338087 
2338136 
2338220 
2338526 
2338552 
2338643 
2338673 
2338871 
2338942 
2339116 
2339182 
2339475 
2339477 
2339554 
2339688 
2339735 
2339820 
2340128 
2340233 
2340297 
2340555 
2340693 
2340716 
2340755 
2340801 
2340880 
2341151 
2341370 
2341464 
2341491 
2341659 
2341894 
2341963 
2341996 
2342331 
2342335 
2342430 
2342483 
2342520 
2342623 
2342690 
2342890 
2343027 
2343088 
2343138 
2343157 
2343294 
2343414 
2343478 
2343816 
2343817 
2343829 
2343838 
2343875 
2344040 
2344188 
2344320 
2344646 
2344669 
2344858 
2345033 
2345113 
2345239 
2345378 
2345415 
2345461 
2345559 
2345642 
2345667 
2345695 
2345866 
2346014 
2346164 
2346187 
2346309 
2346329 
2346343 
2346357 
2346438 
2346503 
2346525 
2346728 
2347108 
2347109 
2347177 
2347275 
2347463 
2347607 
2347802 
2347805 
2347841 
2348003 
2348098 
2348251 
2348279 
2348303 
2348332 
2348636 
2348927 
2349076 
2349167 
2349237 
2349245 
2349279 
2349431 
2349494 
2349498 
2349672 
2349783 
2349842 
2349853 
2349960 
2350410 
2350463 
2350517 
2350529 
2350589 
2350590 
2350613 
2350679 
2350682 
2350695 
2350732 
2350760 
2351519 
2351530 
2351537 
2351602 
2351686 
2351749 
2351825 
2352089 
2352178 
2352452 
2352675 
2352677 
2352691 
2352744 
2352780 
2352866 
2352900 
2352920 
2353166 
2353177 
2353313 
2353317 
2353319 
2353487 
2353645 
2353751 
2353861 
2353864 
2354093 
2354120 
2354206 
2354399 
2354855 
2355134 
2355220 
2355239 
2355312 
2355449 
2355508 
2355583 
2355930 
2356002 
2356338 
2356432 
2356661 
2356689 
2356890 
2356943 
2357388 
2357402 
2357514 
2357666 
2357778 
2357837 
2357866 
2357888 
2357923 
2358003 
2358016 
2358084 
2358245 
2358302 
2358666 
2358846 
2359342 
2359505 
2359543 
2359549 
2359550 
2359734 
2359870 
2359916 
2359964 
2360085 
2360141 
2360333 
2360402 
2360411 
2360436 
2360503 
2360871 
2360928 
2361057 
2361193 
2361216 
2361504 
2361683 
2361741 
2361764 
2361768 
2361956 
2362095 
2362122 
2362211 
2362259 
2362453 
2362599 
2362634 
2362986 
2363178 
2363267 
2363368 
2363776 
2363874 
2364005 
2364283 
2364299 
2364305 
2364329 
2364346 
2364354 
2364390 
2364459 
2364606 
2365209 
2365251 
2365321 
2365449 
2365486 
2365531 
2365805 
2365935 
2366194 
2366196 
2366432 
2367345 
2367734 
2367931 
2367957 
2368482 
2368581 
2368660 
2368689 
2368744 
2368806 
2368916 
2368973 
2369008 
2369110 
2369179 
2369201 
2369249 
2369349 
2369600 
2369768 
2369786 
2370075 
2370132 
2370274 
2370450 
2370473 
2370545 
2370739 
2370775 
2370949 
2370990 
2371061 
2371107 
2371259 
2371274 
2371387 
2371594 
2371838 
2372367 
2372396 
2372414 
2372486 
2372532 
2372726 
2373048 
2373089 
2373212 
2373561 
2373611 
2373715 
2373763 
2373787 
2373828 
2373948 
2374013 
2374091 
2374382 
2374457 
2374547 
2374607 
2374746 
2374769 
2374811 
2374872 
2375463 
2375664 
2375736 
2375781 
2375838 
2375948 
2376037 
2376153 
2376238 
2376239 
2376256 
2376346 
2376409 
2376437 
2376619 
2376831 
2376882 
2376918 
2377043 
2377152 
2377218 
2377235 
2377490 
2377537 
2377580 
2377608 
2377756 
2377809 
2377982 
2378075 
2378129 
2378251 
2378277 
2378343 
2378347 
2378400 
2378426 
2378434 
2379205 
2379240 
2379346 
2379490 
2379580 
2379595 
2379605 
2379719 
2379926 
2380310 
2380421 
2380454 
2380536 
2380689 
2380760 
2380792 
2380882 
2380905 
2381247 
2381296 
2381331 
2381585 
2381693 
2381770 
2381800 
2381926 
2382040 
2382246 
2382589 
2382601 
2382645 
2382677 
2382702 
2383056 
2383369 
2383391 
2383800 
2383838 
2383970 
2384119 
2384311 
2384493 
2384523 
2384555 
2384588 
2384740 
2384741 
2384821 
2384914 
2384963 
2385080 
2385299 
2385527 
2385659 
2385862 
2385903 
2385947 
2385979 
2386201 
2386457 
2386964 
2387529 
2387854 
2387980 
2388313 
2388517 
2388681 
2388755 
2389112 
2389177 
2389224 
2389238 
2389459 
2389804 
2389823 
2389844 
2389959 
2390235 
2390300 
2390308 
2390475 
2390948 
2391117 
2391293 
2391444 
2391508 
2391749 
2391842 
2392250 
2392366 
2392554 
2392923 
2392999 
2393400 
2393428 
2393609 
2393636 
2393650 
2393679 
2393742 
2393781 
2393810 
2394065 
2394241 
2394284 
2394300 
2394324 
2394437 
2394747 
2395180 
2395333 
2395658 
2395666 
2395980 
2396036 
2396470 
2396935 
2397057 
2397319 
2397506 
2397545 
2397806 
2397985 
2398401 
2398459 
2398597 
2398827 
2398906 
2398941 
2399487 
2399581 
2399673 
2399724 
2399756 
2400065 
2400091 
2400097 
2400117 
2400205 
2400222 
2400236 
2400281 
2400282 
2400355 
2400659 
2400798 
2400870 
2400895 
2400930 
2401091 
2401098 
2401165 
2401308 
2401311 
2401368 
2401452 
2401622 
2401630 
2401671 
2401928 
2402023 
2402043 
2402293 
2402484 
2402499 
2402734 
2402904 
2402917 
2402921 
2402932 
2402979 
2402995 
2403361 
2403533 
2403639 
2403792 
2403919 
2403926 
2403938 
2403979 
2404120 
2404344 
2404507 
2404851 
2404909 
2404982 
2405085 
2405386 
2405606 
2405688 
2405920 
2406060 
2406097 
2406163 
2406237 
2406269 
2406378 
2406484 
2406505 
2406874 
2406909 
2406998 
2407071 
2407754 
2407846 
2408119 
2408226 
2408333 
2408443 
2408833 
2408947 
2408978 
2409058 
2409073 
2409232 
2409664 
2409693 
2409754 
2409838 
2409986 
2410003 
2410374 
2410411 
2410457 
2410681 
2410779 
2411364 
2411376 
2411430 
2411532 
2411536 
2411542 
2411570 
2412203 
2412301 
2412325 
2412632 
2412797 
2413017 
2413187 
2413224 
2413243 
2413415 
2413619 
2413651 
2413831 
2413886 
2413898 
2413931 
2414248 
2414383 
2414634 
2414708 
2415405 
2415532 
2415827 
2416197 
2416304 
2416576 
2416690 
2416849 
2416872 
2416977 
2416980 
2417112 
2417468 
2417510 
2417675 
2417861 
2418006 
2419239 
2419255 
2419946 
2419949 
2420185 
2420259 
2420327 
2420677 
2420993 
2421015 
2421070 
2421335 
2421498 
2421533 
2422244 
2422729 
2423170 
2423358 
2423447 
2423738 
2424160 
2424166 
2424222 
2424351 
2424438 
2424447 
2424536 
2424609 
2425087 
2425157 
2425159 
2425340 
2425595 
2425599 
2425685 
2425752 
2425796 
2425814 
2425983 
2426109 
2426935 
2427263 
2427698 
2427803 
2427849 
2428160 
2428711 
2428995 
2429116 
2429428 
2429881 
2429898 
2430579 
2430866 
2431335 
2431518 
2431692 
2431824 
2431847 
2431884 
2431959 
2432606 
2432619 
2432672 
2432746 
2432858 
2433004 
2433106 
2433107 
2433265 
2433329 
2433777 
2433888 
2433930 
2433970 
2434245 
2434427 
2434459 
2434541 
2434971 
2435388 
2435717 
2435762 
2435766 
2435945 
2436274 
2436305 
2436351 
2436424 
2436431 
2436439 
2436689 
2437115 
2437216 
2437254 
2437466 
2437474 
2437536 
2438002 
2438055 
2438145 
2438334 
2438520 
2438796 
2438874 
2438934 
2439163 
2439347 
2439479 
2439708 
2440233 
2440268 
2440444 
2440446 
2440527 
2441031 
2441080 
2441704 
2441793 
2441805 
2442084 
2442131 
2442672 
2442749 
2442844 
2442904 
2442935 
2443154 
2443177 
2443343 
2443533 
2444312 
2444521 
2444780 
2445147 
2445278 
2445376 
2445448 
2445478 
2445480 
2445625 
2445882 
2445922 
2446286 
2446442 
2446909 
2447015 
2447110 
2447166 
2447377 
2447513 
2447541 
2447873 
2447908 
2447937 
2448252 
2449000 
2449556 
2449620 
2449658 
2450322 
2450569 
2450797 
2451101 
2451119 
2451164 
2452288 
2452450 
2452782 
2453010 
2453338 
2453373 
2453383 
2453568 
2453702 
2453722 
2453892 
2454081 
2454268 
2454355 
2454512 
2455099 
2455401 
2455531 
2455754 
2455787 
2455864 
2455981 
2456235 
2456534 
2456936 
2456992 
2457003 
2457135 
2457232 
2457806 
2458564 
2459165 
2459380 
2459835 
2460219 
2460262 
2460341 
2460352 
2460365 
2460828 
2460877 
2460916 
2461068 
2461243 
2461366 
2461402 
2461554 
2462351 
2462992 
2463018 
2463424 
2463811 
2463867 
2464047 
2464539 
2464590 
2464603 
2464751 
2464818 
2465067 
2465357 
2465677 
2465704 
2466158 
2466338 
2466766 
2466771 
2466971 
2467157 
2467737 
2467968 
2468806 
2470092 
2470150 
2470588 
2470644 
2471165 
2471217 
2471409 
2471496 
2471629 
2471847 
2471927 
2472005 
2472279 
2472853 
2473471 
2474437 
2474715 
2475031 
2475150 
2475367 
2475675 
2476023 
2476151 
2476405 
2476778 
2476811 
2478182 
2478561 
2478740 
2478855 
2478959 
2478982 
2479077 
2479192 
2479486 
2479626 
2479865 
2480472 
2481717 
2481899 
2482328 
2482940 
2483133 
2484448 
2484704 
2484721 
2484936 
2485298 
2485858 
2485965 
2486153 
2486210 
2486237 
2486413 
2487298 
2487611 
2487745 
2488063 
2488211 
2488685 
2488814 
2489010 
2489603 
2490350 
2490785 
2490867 
2491967 
2492214 
2492639 
2492893 
2492943 
2492995 
2493021 
2493191 
2493362 
2493472 
2493526 
2493569 
2494591 
2494914 
2495963 
2496263 
2496446 
2496818 
2497343 
2497411 
2498272 
2498774 
2499163 
2499297 
2500257 
2500306 
2500592 
2500691 
2500831 
2501131 
2502034 
2502207 
2502299 
2502729 
2503142 
2503273 
2503297 
2503616 
2503979 
2504565 
2505249 
2505728 
2506181 
2506618 
2507099 
2507211 
2507817 
2508896 
2509011 
2509043 
2509071 
2509602 
2510463 
2511573 
2511863 
2511959 
2512959 
2515204 
2515295 
2515673 
2516311 
2516972 
2517571 
2517813 
2517923 
2518464 
2519562 
2519938 
2520330 
2521802 
2522398 
2522500 
2522677 
2523091 
2523242 
2524008 
2524055 
2526622 
2526930 
2527602 
2527832 
2528010 
2528683 
2528842 
2529006 
2529608 
2530867 
2530987 
2530992 
2531738 
2532277 
2532788 
2532979 
2533040 
2533323 
2533904 
2534215 
2534513 
2535467 
2536113 
2536503 
2537321 
2539042 
2539112 
2539156 
2539314 
2540397 
2541394 
2541585 
2542720 
2543172 
2543417 
2544431 
2545677 
2547021 
2549767 
2549877 
2550419 
2550750 
2550827 
2551274 
2552393 
2553384 
2554440 
2555202 
2555764 
2556482 
2557812 
2560037 
2563013 
2563755 
2564507 
2564637 
2565015 
2567866 
2568079 
2569681 
2570680 
2571404 
2572527 
2573187 
2573404 
2574034 
2576985 
2578231 
2578968 
2581306 
2582271 
2583126 
2583512 
2585146 
2586682 
2589211 
2589687 
2589939 
2589979 
2591475 
2593657 
2594038 
2594766 
2595556 
2598806 
2600879 
2604463 
2607840 
2610498 
2611829 
2612431 
2613883 
2614087 
2618155 
2618824 
2621349 
2623651 
2623888 
2624293 
2626128 
2627401 
2628319 
2629972 
2630523 
2630744 
2631732 
2633878 
2636082 
2638049 
2639287 
2639887 
2644962 
2648321 
2649086 
2650009 
2650347 
2653710 
2657149 
2661578 
2661928 
2661952 
2665108 
2667958 
2669269 
2670295 
2671012 
2673084 
2674944 
2675785 
2679463 
2680650 
2681663 
2682195 
2683329 
2685324 
2685725 
2691640 
2692552 
2695664 
2698860 
2702124 
2702399 
2705081 
2705852 
2717213 
2724642 
2725922 
2726207 
2727361 
2737714 
2740026 
2744505 
2757694 
2758121 
2769406 
2804386 
2820293 
2839349 
2892175 
2925664 
3013073 
