columns: snapshot, subfind ID (0-based), CJF score, Yun+19 score 
72         27  15  5 
72         29  13  5 
72         53   7  5 
72         54   8  5 
72       7749  14  5 
72       7754  10  5 
72       7757  15  5 
72       7789  13  5 
72       7794  12  5 
72      15176  12  5 
72      15193  11  5 
72      20975  13  5 
72      26718  14  5 
72      31212   9  5 
72      31213  14  5 
72      31218  12  5 
72      34947   3  5 
72      34957   5  5 
72      34984   2  5 
72      39968  11  5 
72      39986   9  5 
72      39990  12  5 
72      40008   7  5 
72      48216  14  5 
72      51580   4  5 
72      58384   1  5 
72      58385   1  5 
72      58391  12  5 
72      58404   5  5 
72      61124   5  5 
72      64221   8  5 
72      64232  14  5 
72      64239   9  5 
72      64244  14  5 
72      70713  11  5 
72      72769   5  5 
72      72779  12  5 
72      78679  12  5 
72      83831  14  5 
72      94177   4  5 
72      94184   9  5 
72      96419  15  5 
72      98464  14  5 
72      98465  14  5 
72      98467  14  5 
72     100656  15  5 
72     100657   8  5 
72     100658   9  5 
72     102479  13  5 
72     104265  10  5 
72     104266  14  5 
72     104271  14  5 
72     106039  13  5 
72     107659  15  5 
72     109429  15  5 
72     110659   3  5 
72     113858  13  5 
72     113869  11  5 
72     115314  15  5 
72     116939  14  5 
72     119767  11  5 
72     121321   7  5 
72     121329  12  5 
72     123778  10  5 
72     125384  10  5 
72     128234  11  5 
72     129847   7  5 
72     131170  12  5 
72     131173  14  5 
72     132251  10  5 
72     134801   9  5 
72     134804  15  5 
72     137385  15  5 
72     143291   9  5 
72     143293  15  5 
72     143298  12  5 
72     144179  10  5 
72     145371  15  5 
72     145377  10  5 
72     145380  15  5 
72     148650   5  5 
72     151748  12  5 
72     154006  12  5 
72     154010  15  5 
72     156725  14  5 
72     157477  15  5 
72     159308   6  5 
72     160264   9  5 
72     160272   7  5 
72     160862  14  5 
72     164247  13  5 
72     165097  15  5 
72     165100   6  5 
72     165854  15  5 
72     165858  14  5 
72     170077   5  5 
72     172500  12  5 
72     173233   8  5 
72     178304   4  5 
72     180948  10  5 
72     180953  14  5 
72     181902   6  5 
72     181903  15  5 
72     183780  11  5 
72     184212   7  5 
72     184876   9  5 
72     185608  12  5 
72     186287  15  5 
72     187967   8  5 
72     192307   9  5 
72     192862  14  5 
72     197032   7  5 
72     201184  13  5 
72     202541  12  5 
72     206440  11  5 
72     209157   6  5 
72     210116  14  5 
72     214117  15  5 
72     214558  11  5 
72     214901  11  5 
72     217921  11  5 
72     220588   0  5 
72     222446   9  5 
72     222854  14  5 
72     227974   5  5 
72     234570   8  5 
84         41   3  5 
84         73   5  5 
84         79  15  5 
84         97  14  5 
84      13094  13  5 
84      13098   2  5 
84      13120  10  5 
84      25316   7  5 
84      25354  10  5 
84      25369   5  5 
84      34761  13  5 
84      41669   9  5 
84      41670  13  5 
84      41674  10  5 
84      47372  11  5 
84      54832   7  5 
84      54835  12  5 
84      59909   7  5 
84      59911   6  5 
84      59916  10  5 
84      75358  15  5 
84      80277  11  5 
84      80296  12  5 
84      80299   6  5 
84      80314  10  5 
84      86117  14  5 
84      93492   8  5 
84      98447  15  5 
84      98451  10  5 
84      98456  11  5 
84      98458  10  5 
84      98475  12  5 
84     104788  13  5 
84     110704  13  5 
84     110712   9  5 
84     116748  11  5 
84     116757   3  5 
84     119412   7  5 
84     125433  13  5 
84     125450  15  5 
84     130203  13  5 
84     130205  13  5 
84     130209  12  5 
84     132263  15  5 
84     132270  15  5 
84     138773  10  5 
84     140404  11  5 
84     140416   4  5 
84     145985   5  5 
84     145990  14  5 
84     145993  15  5 
84     149130   7  5 
84     149132  13  5 
84     151412   9  5 
84     152866   8  5 
84     155626  11  5 
84     155629   8  5 
84     160980   7  5 
84     167220   7  5 
84     168594   7  5 
84     168600  15  5 
84     169946  15  5 
84     172815  12  5 
84     172826  14  5 
84     176112  12  5 
84     177543   6  5 
84     178831   7  5 
84     180392  12  5 
84     183252   8  5 
84     185496  12  5 
84     185497  14  5 
84     189992   6  5 
84     190675  14  5 
84     190679  15  5 
84     190682   4  5 
84     190695   4  5 
84     191912   8  5 
84     195264  10  5 
84     199850  15  5 
84     199857  13  5 
84     200697   6  5 
84     202934  14  5 
84     202935   7  5 
84     204921  10  5 
84     206895   5  5 
84     208831   6  5 
84     208832  15  5 
84     208837  13  5 
84     211505  15  5 
84     215928  12  5 
84     216654  13  5 
84     219131   9  5 
84     221550   5  5 
84     224033  14  5 
84     224836  15  5 
84     224837  11  5 
84     234580  14  5 
84     234581   4  5 
84     241041  14  5 
84     242743  10  5 
84     244919  14  5 
84     250769  12  5 
84     253469  13  5 
84     260126  11  5 
84     263804   8  5 
84     267289   8  5 
84     276193  10  5 
84     278487  13  5 
84     280322   7  5 
99         72  11  5 
99      17215   4  5 
99      17216  15  5 
99      31350  12  5 
99      41665  14  5 
99      52635   4  5 
99      52669   1  5 
99      60780  12  5 
99      60782  12  5 
99      69526  15  5 
99      76093  11  5 
99      76131  14  5 
99      83303  11  5 
99      83314  12  5 
99      88676   6  5 
99      88687  14  5 
99      96555  15  5 
99     108025  13  5 
99     108038  15  5 
99     108039   7  5 
99     108045  15  5 
99     121871  14  5 
99     121882   8  5 
99     121896  15  5 
99     125031   8  5 
99     131058   5  5 
99     134861   9  5 
99     134881   7  5 
99     146184  14  5 
99     149174  11  5 
99     152049  14  5 
99     154496   7  5 
99     154500   9  5 
99     154501  13  5 
99     154502  13  5 
99     161179  10  5 
99     161182  15  5 
99     163683  12  5 
99     168399  12  5 
99     172659  13  5 
99     172662   3  5 
99     175252  13  5 
99     175255  10  5 
99     179896   9  5 
99     184840   8  5 
99     186928   6  5 
99     186939  15  5 
99     188873  15  5 
99     188878  13  5 
99     192914  13  5 
99     194955  11  5 
99     197110   7  5 
99     197118   2  5 
99     200813   7  5 
99     202637  11  5 
99     204244  11  5 
99     206230  14  5 
99     207479  11  5 
99     212843  14  5 
99     212847  12  5 
99     212848  13  5 
99     214461   9  5 
99     216024   9  5 
99     219036  13  5 
99     219041  10  5 
99     222282  10  5 
99     222288  11  5 
99     227581  14  5 
99     228689  13  5 
99     230242  10  5 
99     231713  14  5 
99     233218   8  5 
99     235696  13  5 
99     235700   5  5 
99     235703  11  5 
99     240001   1  5 
99     240004  15  5 
99     241158   2  5 
99     241159  14  5 
99     245145   3  5 
99     248163  15  5 
99     248164   6  5 
99     250399   4  5 
99     258271  11  5 
99     261966   5  5 
99     261971  12  5 
99     266564   5  5 
99     266568   8  5 
99     267324  10  5 
99     268296  10  5 
99     270970   7  5 
99     271731  10  5 
99     273147  14  5 
99     276223  11  5 
99     276224  12  5 
99     281073  14  5 
99     285482   2  5 
99     285485  11  5 
99     286700  13  5 
99     286701   1  5 
99     294515  11  5 
99     296791  15  5 
99     297714  13  5 
99     306519  11  5 
99     314772  14  5 
99     326658  11  5 
99     327114  12  5 
99     330556  13  5 
