## List of center of mass velocity for all the clusters calculated at the point where the 
## velocity is more or less constant.
## velocities are in km/sec proper, and include the hubble flow relative to the center

            
##cluster  r/rv              vx       vy         vz         v    
101	   1.3900    -159.7302   -238.6902    174.8653    336.2508
	   1.0000    -143.7638 	 -262.7620    169.4610    344.1351
	   1.6954    -159.6177 	 -227.9298    176.6828    329.6158
	   1.6954    -159.6177 	 -227.9298    176.6828    329.6158

102	   1.7	     -171.8385    159.3707     52.8594   240.2533 
	   1.0	     -442.9234     88.4369    116.9401	 466.5589
	   1.9845    -159.4225    157.0324     42.0584   227.6920
	   1.9845    -159.4225    157.0324     42.0584   227.6920

103	   1.6810     66.9615    -224.4483    -194.9053   304.7113
	   1.0000     68.8102 	 -224.3050    -246.1173	  340.0314
	   1.9104     65.8651 	 -224.7829    -196.2642   305.589
	   1.9104     65.8651 	 -224.7829    -196.2642   305.5899

104	   1.8885    149.5957     120.7467     -53.7217   199.6112
	   1.0	     170.7981     201.0487     -47.2730   268.0062
	   2.0       148.3086     117.5351     -54.6579   196.9706
	   2.0984    147.0527     114.2702     -57.7012   194.9657


105	   1.2390     268.6199   -288.4900    -25.0317	  394.9806
	   1.0000     269.6914 	 -280.6113    -19.5939    389.6923
       2.0000     266.5762 	 -293.2615    -36.3757    397.9804
       2.0645     266.0699 	 -294.8302    -37.2589    398.8813

106    1.5270    -62.2341 	 -341.7014    -326.6894   476.8217
	   1.0000    -70.2064 	 -293.3260    -488.5470   574.1492
	   2.0000    -105.2703 	 -341.7690    -288.5936   459.5369
       2.2456    -114.1854 	 -344.8798    -276.2122   456.3700

107 	   2.0        174.2224    348.0816    -135.5852   412.1864
	   1.0	      346.1597    451.9767    -180.9794   597.3801
	   2.0        174.2224    348.0816    -135.5852   412.1864 
	   2.5098     160.2917    333.5097    -138.7597   395.1916

3	   2.1720    -48.4031    -18.3900 -111.1190  122.5908
    	   1.0000     4.3061  	 -60.1979 -102.6606  119.0862
    	   2.0000    -46.3133  	 -18.3357 -112.3687  122.9139
    	   2.5859    -52.1110  	 -20.6040 -107.6323  121.3458

5 	   2.0090    -24.9309 	 -217.6507 -768.9133  799.5130
    	   1.0000    -50.8970 	 -211.7129 -757.8364  788.4978
    	   2.0000    -24.8730 	 -217.5884 -768.9611  799.5402
    	   3.0000    -7.2313 	 -214.9218 -778.7772  807.9217

6   	   2.6240    -101.0281 	  135.2221  177.0143  244.5931
    	   1.0000    -96.8273  	  168.9299  197.2442  277.1608
    	   2.0000    -97.2569  	  139.6981  178.9528  246.9789
    	   3.0000    -103.0696 	  133.9297  178.2178  245.6055

7	   	     




9	   2.8700    -488.8914	  151.3831  -52.3152  514.4594
    	   1.0000    -476.6503    148.2847  -74.4232  504.7006
    	   2.0000    -483.8274    154.1129  -59.6868  511.2751
    	   3.0000    -489.3354    150.9922  -51.7871  514.7131

10  	   3.0370  229.9483  314.8799  133.9676  412.2777
    	   1.0000  241.3839  390.4472  167.2045  488.5413
    	   2.0000  228.9418  327.0583  135.7845  421.6858
    	   3.0000  229.8516  314.9893  133.9319  412.2957

11 	   2.3630 -434.8259 -324.9536    9.2159  542.9119
    	   1.0000 -437.9742 -353.8287    5.8004  563.0717
    	   2.0000 -434.6577 -327.9921    4.6819  544.5439
    	   3.0000 -434.9807 -321.7496   23.1798  541.5426

14  	   1.9500    6.4122  225.2220 -266.6859  349.1238
    	   1.0000   15.3260  215.2655 -289.4658  361.0603
    	   2.0000    5.8831  225.6979 -266.2323  349.0756
    	   3.0000   -7.6088  235.1062 -258.4293  349.4546

24  	   2.9540  453.5613   66.2494   74.4420  464.3796
    	   1.0000  407.4477   72.2109 -130.9201  434.0140
    	   2.0000  438.7033   78.7694   44.8072  447.9653
    	   3.0000  453.8062   66.2992   74.7398  464.6737




102	   ?
103	   1.681	
104	   ?
105	   1.239	
106	   1.527
107	   ?		
3	   2.172
5	   2.009
6	   2.624
7	   ?
9	   2.87
10	   3.037
11	   2.363
14	   1.95
24	   2.954



CL6	   -96.7782 169.1299  197.2866	 - 97.2286 139.7413 178.9657