## stellar mass, BH mass, and energy injection all within 2 times stellar half mass radius 
## Units: mass = solar mass, energy: 1e53 ergs 
## Columns: Gal ID, Stellar mass, BH mass, E_QM, E_RM 
1   3.798e+11   1.853e+09   7.733e+08   2.852e+08 
2   4.259e+11   2.62e+09   1.101e+09   3.197e+08 
3   1.204e+11   5.081e+08   2.185e+08   3.142e+07 
4   9.266e+10   7.712e+08   3.332e+08   4.735e+07 
5   1.295e+11   8.337e+08   3.555e+08   7.369e+07 
6   2.151e+11   1.075e+09   4.52e+08   1.352e+08 
7   1.264e+11   6.255e+08   2.71e+08   3.686e+07 
8   1.539e+11   1.06e+09   4.477e+08   1.02e+08 
9   1.496e+11   4.587e+08   1.933e+08   4.753e+07 
10   1.672e+11   4.16e+08   1.73e+08   3.282e+07 
11   1.885e+11   1.847e+09   7.777e+08   1.954e+08 
12   5.552e+10   3.785e+08   1.649e+08   2.015e+07 
13   6.311e+10   5.568e+08   2.408e+08   3.177e+07 
14   1.161e+11   7.093e+08   3.08e+08   3.546e+07 
15   4.964e+10   2.4e+08   1.006e+08   2.396e+07 
16   6.499e+10   2.963e+08   1.243e+08   3.305e+07 
17   5.454e+10   4.92e+08   2.133e+08   2.819e+07 
18   6.049e+10   1.624e+08   6.794e+07   9.227e+06 
19   1.035e+11   3.305e+08   1.38e+08   4.345e+07 
20   2.892e+10   1.652e+08   7.13e+07   3.719e+06 
21   8.332e+10   2.87e+08   1.226e+08   2.984e+07 
22   3.312e+10   2.824e+08   1.223e+08   6.949e+06 
23   7.796e+10   4.571e+08   1.945e+08   4.387e+07 
24   2.224e+10   1.2e+08   5.253e+07   1.947e+05 
25   4.657e+10   3.341e+08   1.447e+08   1.41e+07 
26   3.438e+10   1.642e+08   7.164e+07   1.265e+06 
27   2.857e+10   1.676e+08   7.248e+07   8.026e+06 
28   2.802e+10   1.82e+08   7.931e+07   4.241e+06 
29   2.414e+10   1.367e+08   5.996e+07   4.905e+05 
30   3.639e+10   1.813e+08   7.979e+07   1.335e+06 
31   5.576e+10   5.128e+08   2.206e+08   4.303e+07 
32   3.036e+10   1.608e+08   7.073e+07   6.064e+05 
33   2.773e+10   1.711e+08   7.381e+07   5.213e+06 
34   3.399e+10   2.246e+08   9.546e+07   1.178e+07 
35   2.939e+10   1.039e+08   4.59e+07   5.089e+04 
36   2.106e+10   1.022e+08   4.406e+07   2.583e+04 
37   1.211e+10   5.345e+07   2.282e+07   2.572e+04 
38   1.567e+10   8.899e+07   3.764e+07   1.212e+04 
39   2.059e+10   1.096e+08   4.84e+07   1.488e+05 
40   2.31e+10   2.822e+08   1.249e+08   6.475e+06 
41   3.373e+10   1.498e+08   6.48e+07   1.425e+05 
42   5.726e+09   2.013e+07   7.937e+06        0 
43   2.057e+10   8.208e+07   3.614e+07     6865 
44   1.917e+10   1.588e+08   7.014e+07   2.787e+06 
45   3.113e+10   2.937e+08   1.285e+08   1.609e+07 
46   1.945e+10   1.719e+08   7.612e+07   1.63e+06 
47   2.025e+10   1.649e+08   7.143e+07   1.131e+06 
48   7.669e+09   5.088e+07   2.22e+07        0 
49   2.13e+10   1.763e+08   7.656e+07   9.243e+05 
50   1.986e+10   8.417e+07   3.707e+07   1.278e+04 
51   9.523e+09   4.621e+07   2.011e+07        0 
52   1.976e+10   9.741e+07   4.193e+07   1.623e+04 
53   3.16e+10   1.684e+08   7.242e+07   1.559e+06 
54   1.347e+10   4.277e+07   1.805e+07        0 
55   3.216e+10   1.851e+08   7.971e+07   3.115e+06 
56   1.517e+10   1.093e+08   4.827e+07   1.201e+05 
57   2.676e+10   2.211e+08   9.533e+07   8.198e+06 
58   2.74e+10   2.363e+06    440.5   0.4753 
59   2.217e+10   1.516e+08   6.635e+07   3.229e+06 
60   3.402e+10   6.451e+08   2.754e+08   2.689e+07 
61   6.848e+09   5.598e+07   2.448e+07    782.1 
62   7.809e+09   4.625e+07   2.013e+07      332 
63   3.38e+10        0        0        0 
64   8.212e+09   3.921e+07   1.593e+07        0 
65   1.048e+10   4.232e+07   1.785e+07     4293 
66   2.654e+10   2.529e+08   1.118e+08   6.169e+06 
67   2.124e+10   2.346e+08   1.032e+08   5.049e+06 
68   1.878e+10   1.657e+08   7.238e+07   5.652e+06 
69   6.549e+09   4.134e+07   1.794e+07    220.4 
70   1.357e+10   1.444e+08   6.342e+07   4.293e+05 
71   1.607e+10   6.252e+07   2.74e+07   3.43e+04 
72   1.652e+10   6.876e+07   2.966e+07    590.1 
73   1.342e+10   4.802e+07   2.04e+07    215.9 
74   2.095e+10   1.039e+08   4.483e+07   8.529e+04 
75   9.56e+09   7.533e+07   3.312e+07   1.015e+04 
76   8.739e+09   6.224e+07   2.675e+07     8179 
77   6.373e+09   5.875e+07   2.519e+07     6321 
78   9.072e+09   4.621e+07   2.011e+07     3599 
79   1.395e+10   8.654e+07   3.76e+07   4.468e+04 
80   2.471e+10        0        0        0 
81   2.366e+10        0        0        0 
82   1.575e+10   1.018e+08   4.494e+07   7.23e+04 
83   1.27e+10   4.956e+07   2.161e+07     6030 
85   1.127e+10   6.665e+07   2.872e+07   1.42e+04 
86   7.094e+09        0        0        0 
87   2.525e+10   7.344e+06   2.226e+06    15.57 
89   2.878e+10        0        0        0 
90   1.432e+10        0        0        0 
91   1.269e+10   1.034e+08   4.515e+07   3.396e+04 
92   2.521e+10   1.181e+06        0   0.1468 
93   1.987e+10        0        0        0 
94   5.38e+09   3.846e+07   1.612e+07     4371 
95   1.053e+10   4.297e+07   1.867e+07    61.17 
96   2.46e+10        0        0        0 
97   1.022e+10   4.156e+07   1.804e+07        0 
98   8.102e+09   6.068e+07   2.605e+07    613.3 
99   8.86e+09   5.851e+07   2.561e+07     5162 
100   9.179e+09   8.463e+07   3.674e+07   2.237e+04 
101   2.07e+10        0        0        0 
102   5.062e+09   3.136e+07   1.348e+07        0 
103   1.008e+10   7.311e+07   3.107e+07   2.042e+04 
105   1.792e+10   3.173e+08   1.39e+08   1.284e+06 
107   5.994e+09   3.994e+07   1.679e+07     4219 
108   2.354e+10        0        0        0 
109   1.285e+10   8.436e+07   3.61e+07   3.267e+04 
110   8.419e+09   2.286e+07   9.686e+06    424.4 
111   9.546e+09   3.391e+07   1.462e+07        0 
112   1.403e+10   8.685e+07   3.774e+07   2.646e+04 
114   1.122e+10   5.272e+07   2.302e+07     3810 
117   9.86e+09   6.207e+07   2.72e+07   1.15e+04 
120   1.076e+10   4.06e+07   1.708e+07   1.163e+04 
121   5.092e+09   1.938e+07   8.129e+06     1476 
124   8.854e+09   4.963e+07   2.164e+07     4962 
127   1.183e+10        0        0        0 
128   9.032e+09   4.176e+07   1.76e+07     4927 
129   8.804e+09   5.422e+07   2.369e+07     9378 
131   8.492e+09   5.873e+07   2.465e+07     5742 
133   1.106e+10        0        0        0 
137   7.367e+09        0        0        0 
138   7.932e+09   5.048e+07   2.149e+07    281.7 
146   8.32e+09   4.245e+07   1.843e+07   1.002e+04 
149   6.315e+09   2.084e+07   8.256e+06    655.1 
152   1.134e+10        0        0        0 
156   1.09e+10        0        0        0 
157   6.858e+09   3.916e+07   1.644e+07     2853 
158   7.401e+09        0        0        0 
160   5.356e+09        0        0        0 
161   5.545e+09        0        0        0 
162   8.67e+09        0        0        0 
173   5.994e+09   5.341e+07   2.333e+07     1158 
177   6.387e+09   4.262e+07   1.851e+07     8112 
179   7.566e+09        0        0        0 
181   6.317e+09        0        0        0 
216   5.655e+09   5.415e+07   2.314e+07     4911 
17186   5.746e+11   2.508e+09   1.021e+09   4.332e+08 
17187   4.325e+11   2.707e+09   1.118e+09   3.662e+08 
17188   1.653e+11   9.246e+08   3.952e+08   9.887e+07 
17189   9.092e+10   6.113e+08   2.613e+08   4.879e+07 
17190   1.479e+11   6.844e+08   2.855e+08   7.591e+07 
17191   1.025e+11   6.166e+08   2.62e+08   6.549e+07 
17192   1.431e+11   5.562e+08   2.279e+08   9.536e+07 
17193   1.154e+11   4.608e+08   1.945e+08   5.588e+07 
17194   8.975e+10   2.536e+08   1.05e+08   2.504e+07 
17195   7.971e+10   7.746e+08   3.328e+08   4.823e+07 
17196   7.672e+10   2.717e+08   1.151e+08   3.059e+07 
17197   3.747e+10   1.949e+08   8.46e+07   3.397e+06 
17198   6.932e+10   3.705e+08   1.535e+08   4.624e+07 
17199   6.797e+10   3.599e+08   1.553e+08   2.36e+07 
17200   4.985e+10   1.842e+08   8.074e+07   4.946e+06 
17201   3.705e+10   3.429e+08   1.483e+08   1.223e+07 
17202   8.973e+10   1.452e+07   5.96e+06    132.8 
17203   4.498e+10   3.203e+08   1.377e+08   2.172e+07 
17204   7.192e+10   1.757e+08   7.621e+07   1.828e+06 
17205   7.083e+10   4.385e+08   1.905e+08   2.25e+07 
17206   4.982e+10   4.67e+08   2.002e+08   3.158e+07 
17207   4.252e+10   2.913e+08   1.279e+08   5.878e+06 
17208   4.823e+10   3.946e+08   1.648e+08   3.619e+07 
17209   2.528e+10   2.171e+08   9.469e+07   7.019e+06 
17210   5.385e+09   3.953e+07   1.66e+07    64.24 
17211   3.655e+10   1.619e+08   6.914e+07   3.167e+05 
17212   4.171e+10   1.855e+08   7.793e+07   1.256e+07 
17213   4.268e+10   2.555e+08   1.094e+08   1.006e+07 
17214   2.096e+10   1.574e+08   6.866e+07   6.695e+05 
17215   1.518e+10   1.054e+08   4.552e+07   4.727e+04 
17216   2.652e+10   6.696e+07   2.833e+07     6603 
17217   2.6e+10   1.69e+08   7.482e+07   1.26e+06 
17218   2.789e+10   1.394e+08   5.944e+07   1.706e+06 
17219   3.432e+10   2.052e+08   8.776e+07   7.259e+06 
17220   6.495e+10        0        0        0 
17221   1.886e+10   1.543e+08   6.697e+07   3.886e+06 
17222   2.608e+10   1.142e+08   5.049e+07   1.909e+05 
17223   3.111e+10   1.949e+08   8.564e+07   3.755e+06 
17224   3.711e+10   2.845e+08   1.235e+08   4.607e+06 
17225   2.774e+10   2.33e+08   1.01e+08   1.464e+07 
17226   1.273e+10   7.724e+07   3.292e+07   1.256e+04 
17227   4.509e+10        0        0        0 
17228   2.839e+10   1.647e+08   7.09e+07   5.665e+05 
17229   1.153e+10   9.227e+07   3.963e+07   1.657e+04 
17230   2.943e+10   2.182e+08   9.564e+07   2.539e+06 
17231   1.421e+10   5.365e+07   2.344e+07     1158 
17232   1.027e+10   5.914e+07   2.589e+07     5772 
17233   1.681e+10   1.229e+08   5.434e+07   2.818e+05 
17234   1.114e+10   5.772e+07   2.473e+07    153.2 
17235   1.256e+10   5.168e+07   2.255e+07   1.659e+04 
17236   1.376e+10        0        0        0 
17238   9.693e+09   6.976e+07   2.958e+07   1.087e+04 
17239   1.847e+10        0        0        0 
17240   7.767e+09   5.37e+07   2.293e+07     3536 
17241   7.444e+09   6.827e+07   2.997e+07     7354 
17244   1.078e+10   2.568e+07   1.094e+07    225.4 
17245   9.858e+09   3.032e+07   1.249e+07     2151 
17246   1.593e+10   1.953e+08   8.667e+07   4.64e+05 
17248   1.186e+10   8.729e+07   3.793e+07   3.114e+04 
17249   1.283e+10   8.731e+07   3.847e+07   2.545e+04 
17250   1.743e+10   1.867e+08   7.967e+07   1.28e+05 
17251   5.927e+09   2.959e+07   1.216e+07     4450 
17252   1.889e+10        0        0        0 
17253   7.507e+09   4.722e+07   2.057e+07     6121 
17254   1.814e+10   1.343e+08   5.786e+07   2.142e+05 
17255   1.569e+10        0        0        0 
17256   8.547e+09   2.595e+07   1.054e+07      553 
17257   9.578e+09   7.246e+07   3.131e+07   1.799e+04 
17258   8.686e+09   3.667e+07   1.585e+07     4025 
17260   5.965e+09   2.543e+07   1.083e+07        0 
17262   1.238e+10   7.774e+07   3.367e+07   1.209e+04 
17263   6.192e+09   3.798e+07   1.644e+07     2889 
17265   9.751e+09   5.088e+07   2.167e+07   1.403e+04 
17266   8.192e+09   5.145e+07   2.246e+07     5785 
17267   5.95e+09   6.2e+07   2.558e+07     3990 
17268   6.095e+09   2.515e+07   1.071e+07     1025 
17269   6.398e+09   1.181e+06        0   0.00114 
17271   1.082e+10   6.789e+07   2.927e+07     5723 
17272   7.599e+09   5.399e+07   2.359e+07     3894 
17273   6.577e+09        0        0        0 
17274   9.177e+09        0        0        0 
17276   6.781e+09        0        0        0 
17277   1.008e+10        0        0        0 
17283   8.005e+09        0        0        0 
17284   6.699e+09   3.864e+07   1.621e+07     5280 
17291   6.296e+09        0        0        0 
17297   7.31e+09        0        0        0 
17301   8.059e+09        0        0        0 
17303   5.275e+09        0        0        0 
17307   5.005e+09   2.662e+07   1.136e+07     2046 
17311   5.711e+09        0        0        0 
17326   6.705e+09        0        0        0 
17328   5.434e+09        0        0        0 
17339   5.721e+09        0        0        0 
17350   5.388e+09        0        0        0 
17352   5.408e+09        0        0        0 
31343   4.029e+11   2.162e+09   9.103e+08   2.551e+08 
31344   3.22e+11   1.86e+09   7.831e+08   2.748e+08 
31345   5.962e+10   4.205e+08   1.824e+08   2.214e+07 
31346   1.131e+11   4.526e+08   1.942e+08   3.192e+07 
31347   5.409e+10   2.053e+08   8.82e+07   1.9e+07 
31348   6.212e+10   1.552e+08   6.628e+07   4.313e+06 
31349   4.133e+10   2.017e+08   8.683e+07   1.689e+07 
31350   3.797e+10   1.296e+08   5.671e+07   6.39e+06 
31351   3.853e+10   2.603e+08   1.126e+08   1.616e+07 
31352   7.999e+10   3.763e+08   1.609e+08   2.442e+07 
31353   8.183e+10   4.566e+08   1.985e+08   2.813e+07 
31354   7.565e+10   7.391e+08   3.182e+08   6.698e+07 
31355   7.353e+10   5.258e+08   2.236e+08   3.881e+07 
31356   3.926e+10   1.196e+08   4.995e+07   8.163e+06 
31357   3.789e+10   1.739e+08   7.509e+07   4.534e+06 
31358   4.489e+10   2.039e+08   8.875e+07   2.044e+06 
31359   5.184e+10        0        0        0 
31360   4.945e+10   3.133e+08   1.339e+08   1.243e+07 
31361   5.721e+10   4.133e+08   1.757e+08   2.599e+07 
31362   3.003e+10   2.02e+08   8.778e+07   8.609e+06 
31363   3.263e+10   2.033e+08   8.792e+07   7.614e+06 
31364   4.682e+10   3.741e+08   1.586e+08   3.788e+07 
31365   6.146e+10        0        0        0 
31366   2.161e+10   6.297e+07   2.76e+07     8321 
31367   3.223e+10   1.71e+08   7.418e+07   8.368e+05 
31368   3.33e+10   2.403e+08   1.026e+08   1.598e+07 
31369   4.094e+10   2.21e+08   9.572e+07   8.948e+06 
31370   3.894e+10   3.766e+08   1.656e+08   1.094e+07 
31371   2.803e+10    1e+08   4.355e+07   7.671e+05 
31372   3.734e+10   1.548e+08   6.751e+07   7.14e+05 
31373   2.253e+10   1.382e+08   6.065e+07   2.177e+05 
31374   8.455e+09   3.759e+07   1.626e+07    134.7 
31375   1.408e+10   9.555e+07   4.215e+07     9874 
31376   3.26e+10   3.548e+08   1.534e+08   8.073e+06 
31377   3.091e+10        0        0        0 
31378   1.23e+10   7.89e+07   3.366e+07   4.863e+04 
31379   3.027e+10        0        0        0 
31380   2.366e+10   1.93e+08   8.278e+07   2.476e+06 
31381   2.341e+10   1.982e+08   8.768e+07   3.118e+06 
31382   2.201e+10   1.787e+08   7.869e+07   7.529e+05 
31383   2.025e+10   1.816e+08   7.864e+07   3.633e+06 
31384   1.346e+10   4.465e+07   1.889e+07     6430 
31385   2.533e+10   1.011e+07   3.46e+06    183.4 
31386   2.414e+10   1.181e+06   0.007033   0.4859 
31387   2.241e+10   1.788e+08   7.825e+07   3.85e+05 
31388   1.66e+10   1.424e+08   6.3e+07   5.998e+05 
31389   2.359e+10        0        0        0 
31391   7.91e+09   2.08e+07   8.764e+06        0 
31392   9.497e+09   3.827e+07   1.604e+07     4854 
31393   1.651e+10   1.497e+08   6.572e+07   7.197e+05 
31394   1.053e+10   4.805e+07   2.093e+07     4162 
31396   6.49e+09   5.118e+07   2.233e+07    584.5 
31397   5.64e+09   4.269e+07   1.854e+07    71.07 
31398   1.008e+10   7.094e+07   3.116e+07     9502 
31399   1.356e+10        0        0        0 
31400   1.239e+10   8.993e+07   3.911e+07   2.604e+04 
31402   7.694e+09        0        0        0 
31403   5.194e+09   3.885e+07   1.683e+07    67.55 
31404   1.018e+10   6.235e+07   2.732e+07     4641 
31405   8.826e+09   8.21e+07   3.562e+07     8504 
31407   1.075e+10   5.577e+07   2.386e+07     1321 
31408   1.522e+10        0        0        0 
31409   1.314e+10        0        0        0 
31412   1.307e+10        0        0        0 
31414   7.269e+09   1.89e+07   7.388e+06     1755 
31415   1.104e+10   7.483e+07   3.237e+07   1.755e+04 
31417   9.562e+09        0        0        0 
31423   6.819e+09   3.137e+07   1.296e+07     5446 
31426   5.074e+09   3.337e+07   1.385e+07     2143 
31428   8.941e+09        0        0        0 
31430   6.116e+09        0        0        0 
31431   1.009e+10        0        0        0 
31433   5.864e+09        0        0        0 
31441   5.271e+09        0        0        0 
31442   6.325e+09        0        0        0 
31444   7.38e+09        0        0        0 
31453   6.264e+09   5.31e+07   2.319e+07     6324 
31454   6.881e+09        0        0        0 
31456   6.554e+09        0        0        0 
31457   5.488e+09        0        0        0 
31460   5.225e+09        0        0        0 
31461   5.95e+09   4.381e+07   1.904e+07     2938 
31466   5.576e+09        0        0        0 
41583   5.472e+11   2.547e+09   1.062e+09   3.366e+08 
41584   2.141e+11   1.195e+09   5.075e+08   9.873e+07 
41585   1.899e+11   1.098e+09   4.653e+08   1.159e+08 
41586   5.101e+11   2.614e+09   1.097e+09   3.706e+08 
41587   9.082e+10   6.472e+08   2.791e+08   4.642e+07 
41588   7.44e+10   3.565e+08   1.52e+08   2.53e+07 
41589   6.695e+10   2.738e+08   1.174e+08   2.29e+07 
41590   1.028e+11   2.593e+08   1.092e+08   2.962e+07 
41591   6.782e+10   3.326e+08   1.394e+08   2.862e+07 
41592   4.935e+10   2.962e+08   1.276e+08   1.574e+07 
41593   3.057e+10   2.125e+08   9.145e+07   1.901e+07 
41594   6.892e+10   2.382e+08   1.003e+08   1.915e+07 
41595   6.288e+10   4.911e+08   2.113e+08   2.803e+07 
41596   1.842e+10   1.287e+08   5.694e+07   1.318e+05 
41597   3.201e+10   2.295e+08   1.009e+08   5.203e+06 
41598   4.105e+10   1.385e+08   5.971e+07   5.232e+05 
41599   5.462e+10   3.991e+08   1.725e+08   2.599e+07 
41600   1.776e+10   6.029e+07   2.588e+07     2200 
41601   3.436e+10   1.483e+08   6.507e+07   1.058e+06 
41602   5.482e+10   2.035e+08   8.391e+07   1.71e+07 
41603   1.278e+10   8.291e+07   3.651e+07   1.176e+04 
41604   3.433e+10   1.457e+08   6.292e+07   3.718e+05 
41605   5.198e+10   3.518e+08   1.511e+08   1.821e+07 
41606   3.831e+10   1.859e+08   8.112e+07   3.56e+06 
41607   2.999e+10   2.525e+08   1.101e+08   1.083e+07 
41608   1.353e+10   5.639e+07   2.414e+07     2116 
41609   4.724e+10   3.223e+08   1.401e+08   1.748e+07 
41610   2.634e+10   2.328e+08   1.022e+08   7.2e+06 
41611   2.263e+10   1.812e+08   7.818e+07   1.396e+06 
41612   1.536e+10   1.032e+08   4.445e+07   4.685e+05 
41613   3.07e+10   3.191e+08   1.386e+08   1.364e+07 
41614   1.211e+10   9.477e+07   4.075e+07   4.221e+04 
41615   2.949e+10   1.605e+08   6.962e+07   4.895e+06 
41616   2.337e+10   9.454e+07   4.117e+07   6.367e+04 
41617   2.459e+10   3.052e+08   1.333e+08   1.424e+07 
41618   2.073e+10   1.589e+08   7.017e+07   2.721e+06 
41619   4.255e+10        0        0        0 
41620   2.098e+10   1.271e+08   5.57e+07   2.058e+05 
41621   3.072e+10   2.468e+08   1.055e+08   2.084e+07 
41622   3.39e+10   3.541e+08   1.533e+08   2.768e+07 
41623   3.894e+10        0        0        0 
41624   3.234e+10   2.164e+08   9.382e+07   7.496e+06 
41625   3.212e+10   1.532e+08   6.73e+07   8.654e+05 
41626   1.381e+10   6.803e+07   2.933e+07     6291 
41627   1.963e+10   1.283e+08   5.51e+07   8.68e+05 
41628   3.098e+10   2.247e+08   9.762e+07   6.42e+06 
41629   1.874e+10   2.192e+08   9.589e+07   4.611e+06 
41630   2.864e+10   3.611e+08   1.595e+08   2.253e+06 
41631   2.154e+10   1.277e+08   5.543e+07   2.117e+05 
41632   5.402e+09   4.172e+07   1.758e+07    319.8 
41633   2.26e+10   2.763e+08   1.209e+08   4.467e+06 
41634   2.494e+10   3.624e+08   1.571e+08   2.12e+07 
41636   1.072e+10   1.092e+08   4.827e+07   6.961e+04 
41637   1.96e+10   1.22e+08   5.342e+07   1.313e+05 
41638   9.047e+09   4.286e+07   1.809e+07      251 
41639   2.173e+10        0        0        0 
41641   6.787e+09   6.349e+07   2.783e+07     9103 
41642   8.985e+09   7.565e+07   3.326e+07     6674 
41643   1.728e+10        0        0        0 
41644   9.844e+09   5.169e+07   2.256e+07   6.3e+04 
41646   8.321e+09   7.749e+07   3.409e+07     4402 
41649   1.529e+10   1.845e+08   8.023e+07   8.886e+05 
41651   6.371e+09   4.421e+07   1.869e+07     5088 
41652   1.933e+10        0        0        0 
41654   5.493e+09   2.789e+07   1.193e+07    733.1 
41655   6.201e+09   4.198e+07   1.77e+07     9409 
41656   1.226e+10   6.172e+07   2.704e+07   1.269e+04 
41657   6.107e+09   3.011e+07   1.292e+07        0 
41658   1.356e+10   7.838e+07   3.396e+07     8618 
41659   7.76e+09   7.299e+07   3.207e+07   1.311e+04 
41660   6.345e+09   4.541e+07   1.976e+07     9319 
41664   6.932e+09   7.234e+07   3.179e+07   1.383e+04 
41666   7.519e+09        0        0        0 
41668   8.974e+09   6.115e+07   2.626e+07   1.048e+04 
41672   8.745e+09   5.254e+07   2.241e+07     6417 
41673   5.987e+09   4.475e+07   1.894e+07     3682 
41674   6.534e+09   3.644e+07   1.575e+07     3631 
41677   6.683e+09   3.782e+07   1.584e+07   1.521e+04 
41681   5.666e+09        0        0        0 
41683   6.151e+09   2.379e+07   1.01e+07        0 
41684   6.424e+09   2.592e+07   1.105e+07     2664 
41691   7.543e+09        0        0        0 
41693   9.642e+09        0        0        0 
41695   5.667e+09        0        0        0 
41696   7.609e+09        0        0        0 
41701   6.887e+09   3.141e+07   1.35e+07     2971 
41715   5.775e+09        0        0        0 
41720   7.143e+09        0        0        0 
41721   7.167e+09        0        0        0 
52619   3.306e+11   2.178e+09   9.082e+08   3.065e+08 
52620   3.153e+11   1.348e+09   5.66e+08   1.657e+08 
52621   1.771e+11   1.018e+09   4.345e+08   8.487e+07 
52622   1.024e+11   4.959e+08   2.125e+08   2.674e+07 
52623   1.337e+11   5.481e+08   2.261e+08   7.126e+07 
52624   1.125e+11   6.789e+08   2.898e+08   5.008e+07 
52625   4.67e+10   2.87e+08   1.259e+08   7.259e+06 
52626   3.811e+10   2.481e+08   1.032e+08   2.819e+07 
52627   5.42e+10   1.905e+08   8.42e+07   3.836e+06 
52628   4.722e+10   1.741e+08   7.622e+07   5.032e+06 
52629   5.157e+10   2.6e+08   1.137e+08   8.52e+06 
52630   3.21e+10   1.284e+08   5.576e+07   3.174e+05 
52631   2.964e+10   1.23e+08   5.282e+07   1.267e+05 
52632   3.097e+10   2.049e+08   8.86e+07   8.107e+06 
52633   2.653e+10   1.936e+08   8.523e+07   2.095e+06 
52634   4.733e+10   4.398e+08   1.869e+08   2.719e+07 
52635   2.577e+10   1.569e+08   6.897e+07   6.543e+05 
52636   2.2e+10   1.639e+08   7.234e+07   3.436e+06 
52637   2.506e+10   2.305e+08   1.001e+08   6.967e+06 
52638   2.875e+10   1.681e+08   7.236e+07   1.065e+06 
52639   2.385e+10   1.187e+08   5.09e+07   1.177e+05 
52640   2.233e+10   1.69e+08   7.379e+07   1.18e+06 
52641   7.423e+09   5.554e+07   2.376e+07      205 
52642   2.191e+10   1.46e+08   6.414e+07   4.502e+05 
52643   2.402e+10   1.546e+08   6.688e+07   6.667e+05 
52644   2.823e+10   1.82e+08   7.96e+07   1.252e+06 
52645   2.243e+10   1.618e+08   7.005e+07   1.1e+06 
52646   2.238e+10   1.656e+08   7.285e+07   5.206e+05 
52647   1.777e+10   1.255e+08   5.498e+07   1.894e+05 
52648   2.196e+10   1.181e+06    35.86   0.05328 
52649   1.261e+10   5.759e+07   2.467e+07    259.2 
52650   6.075e+09   3.011e+07   1.292e+07     4014 
52651   2.07e+10   2.062e+08   9.04e+07   1.053e+06 
52652   2.146e+10        0        0        0 
52654   2.082e+10        0        0        0 
52655   1.282e+10   8.915e+07   3.876e+07   4.125e+04 
52656   9.303e+09   4.212e+07   1.829e+07     5581 
52657   7.573e+09   3.186e+07   1.37e+07     9705 
52659   9.009e+09   4.613e+07   1.902e+07     4336 
52660   1.626e+10   1.25e+06   3.087e+04   0.06877 
52661   7.969e+09   7.985e+07   3.356e+07     5743 
52662   6.737e+09   4.939e+07   2.154e+07     4280 
52663   1.265e+10   1.058e+08   4.67e+07   1.045e+05 
52665   9.117e+09   7.503e+07   3.193e+07   1.302e+04 
52666   7.376e+09   3.286e+07   1.415e+07     4873 
52668   1.388e+10        0        0        0 
52669   6.311e+09   4.775e+07   2.08e+07    886.6 
52670   1.094e+10   2.853e+06   7.468e+05      3.9 
52671   9.355e+09   6.966e+07   3.058e+07   3.703e+04 
52673   8.879e+09        0        0        0 
52675   5.611e+09        0        0        0 
52676   6.036e+09   3.8e+07   1.592e+07     3109 
52679   8.102e+09   4.543e+07   1.977e+07     8063 
52681   7.854e+09   5.203e+07   2.271e+07     9143 
52686   7.295e+09        0        0        0 
52687   8.462e+09        0        0        0 
52692   5.472e+09        0        0        0 
52695   6.094e+09        0        0        0 
52698   5.069e+09        0        0        0 
52701   5.636e+09        0        0        0 
60732   1.908e+11   9.412e+08   4.051e+08   5.792e+07 
60733   8.548e+10   7.047e+08   3.014e+08   6.493e+07 
60734   3.137e+11   2.581e+09   1.089e+09   2.661e+08 
60735   6.564e+10   2.917e+08   1.224e+08   2.119e+07 
60736   1.312e+11   8.599e+08   3.7e+08   5.086e+07 
60737   1.978e+11   6.699e+08   2.833e+08   6.983e+07 
60738   5.562e+10   3.019e+08   1.285e+08   2.124e+07 
60739   6.809e+10   2.748e+08   1.167e+08   1.869e+07 
60740   5.204e+10   3.419e+08   1.481e+08   1.392e+07 
60741   3.771e+10   2.659e+08   1.148e+08   1.364e+07 
60742   3.955e+10   2.234e+08   9.589e+07   1.237e+07 
60743   8.389e+10   9.957e+08   4.315e+08   5.781e+07 
60744   4.58e+10   1.338e+08   5.74e+07   2.406e+06 
60745   8.525e+10   3.068e+08   1.308e+08   1.493e+07 
60746   7.842e+10   6.698e+08   2.854e+08   5.943e+07 
60747   7.337e+10   4.431e+08   1.91e+08   2.668e+07 
60748   4.139e+10   2.158e+08   9.307e+07   7.022e+06 
60749   6.998e+10   1.626e+08   6.97e+07   8.382e+06 
60750   4.183e+10   3.773e+08   1.649e+08   5.257e+06 
60751   3.726e+10   1.347e+08   5.803e+07   5.387e+06 
60752   4.907e+10        0        0        0 
60753   5.758e+10   8.555e+08   3.707e+08   4.05e+07 
60754   2.509e+10   1.227e+08   5.32e+07   2.233e+05 
60755   2.305e+10   1.929e+08   8.483e+07   2.637e+06 
60756   1.398e+10   1.38e+08   6.084e+07   2.254e+06 
60757   2.413e+10   1.696e+08   7.441e+07   2.825e+06 
60758   3.465e+10   1.563e+08   6.708e+07   1.024e+06 
60759   2.52e+10   1.996e+08   8.775e+07   3.561e+06 
60760   2.567e+10   1.903e+08   8.177e+07   5.976e+06 
60761   3.602e+10   1.89e+08   8.05e+07   2.297e+06 
60762   8.48e+09   5.156e+07   2.198e+07    789.3 
60763   1.962e+10   9.883e+07   4.361e+07   1.288e+05 
60764   2.293e+10   3.243e+08   1.428e+08   1.034e+07 
60765   1.957e+10   1.249e+08   5.461e+07   9.77e+05 
60766   2.24e+10   1.71e+08   7.415e+07   1.19e+06 
60767   6.054e+09   3.402e+07   1.414e+07    322.5 
60771   1.289e+10   1.362e+08   5.974e+07   2.277e+05 
60772   1.319e+10        0        0        0 
60773   1.581e+10   1.371e+08   6.061e+07   1.037e+06 
60774   1.073e+10   4.792e+07   2.088e+07     6192 
60775   1.705e+10        0        0        0 
60778   1.559e+10   3.018e+08   1.314e+08   2.782e+06 
60780   5.435e+09   3.09e+07   1.275e+07        0 
60781   7.511e+09   2.986e+07   1.281e+07     2874 
60782   6.252e+09   2.283e+07   9.142e+06   0.001282 
60783   1.841e+10        0        0        0 
60784   8.241e+09   5.101e+07   2.226e+07    452.3 
60785   5.96e+09   2.302e+07   9.756e+06     2610 
60786   9.716e+09   1.181e+06        0   0.0795 
60790   8.227e+09   7.404e+07   3.255e+07     5863 
60795   1.216e+10   1.433e+06   1.126e+05   0.3552 
60801   5.236e+09   4.18e+07   1.814e+07     5423 
60803   6.885e+09   3.891e+07   1.686e+07     3045 
60808   5.757e+09        0        0        0 
60818   7.394e+09        0        0        0 
60822   6.28e+09        0        0        0 
60829   5.671e+09   1.262e+06   3.621e+04   0.2261 
60841   5.173e+09        0        0        0 
69508   2.901e+11   1.845e+09   7.844e+08   1.976e+08 
69509   1.754e+11   1.571e+09   6.704e+08   1.614e+08 
69510   1.127e+11   6.243e+08   2.624e+08   7.987e+07 
69511   6.121e+10   4.957e+08   2.157e+08   3.074e+07 
69512   1.052e+11   6.955e+08   2.973e+08   4.434e+07 
69513   2.944e+10   1.352e+08   5.878e+07   1.923e+05 
69514   3.31e+10   2.013e+08   8.614e+07   1.124e+07 
69515   2.646e+10   2.25e+08   9.71e+07   1.266e+07 
69516   2.849e+10   2.005e+08   8.748e+07   1.01e+07 
69517   4.397e+10   3.766e+08   1.639e+08   1.181e+07 
69518   2.498e+10   1.582e+08   6.905e+07   3.636e+05 
69519   3.322e+10   5.599e+08   2.47e+08   2.104e+07 
69520   5.527e+10        0        0        0 
69521   2.526e+10        0        0        0 
69522   3.521e+10   2.431e+08   1.045e+08   1.437e+07 
69523   3.697e+10   5.419e+08   2.375e+08   8.343e+06 
69524   3.995e+10   3.462e+08   1.514e+08   1.65e+07 
69525   3.247e+10   1.721e+08   7.519e+07   1.096e+06 
69526   2.298e+10   1.342e+08   5.885e+07   2.319e+05 
69527   1.795e+10   1.344e+08   5.949e+07   1.629e+05 
69528   2.113e+10   1.029e+08   4.545e+07   7.287e+04 
69529   3.23e+10        0        0        0 
69530   3.916e+10   1.645e+07   6.295e+06    127.2 
69531   1.959e+10   7.739e+07   3.351e+07   1.369e+04 
69532   1.323e+10   4.657e+07   2.028e+07     4420 
69533   7.999e+09   4.114e+07   1.785e+07   1.08e+04 
69534   2.186e+10   2.822e+08   1.234e+08   2.643e+05 
69535   1.98e+10   1.665e+08   7.27e+07   1.099e+06 
69536   3.115e+10        0        0        0 
69537   2.222e+10   2.128e+08   9.124e+07   1.098e+06 
69538   9.429e+09   4.938e+07   2.1e+07    106.1 
69539   2.637e+10        0        0        0 
69540   9.182e+09   7.544e+07   3.317e+07   1.785e+04 
69541   1.916e+10   8.794e+07   3.769e+07   7.885e+04 
69542   1.236e+10   6.688e+07   2.935e+07     5221 
69543   8.981e+09   2.354e+07   9.986e+06     1757 
69544   9.255e+09   6.745e+07   2.96e+07   1.655e+04 
69545   1.512e+10        0        0        0 
69547   7.177e+09   3.423e+07   1.476e+07     4656 
69548   7.582e+09   4.324e+07   1.879e+07        0 
69549   1.087e+10   3.405e+07   1.416e+07     3331 
69552   5.392e+09   1.877e+07   7.329e+06     1471 
69555   8.088e+09   5.487e+07   2.398e+07   1.02e+04 
69557   1.254e+10   9.543e+07   4.104e+07   1.035e+05 
69560   8.112e+09   3.177e+07   1.366e+07     3930 
69561   5.992e+09   3.799e+07   1.592e+07     2887 
69562   8.749e+09        0        0        0 
69563   1.033e+10        0        0        0 
69564   1.094e+10        0        0        0 
69566   1.104e+10        0        0        0 
69568   8.805e+09   5.532e+07   2.419e+07     5653 
69569   1.081e+10        0        0        0 
69571   9.792e+09        0        0        0 
69576   6.795e+09   5.19e+07   2.266e+07   1.409e+04 
69577   8.902e+09   1.181e+06        0   0.04441 
69578   8.827e+09        0        0        0 
69580   5.671e+09        0        0        0 
69581   5.701e+09   2.735e+07   1.169e+07     2267 
69583   8.026e+09   5.25e+07   2.187e+07   1.909e+04 
69586   5.834e+09        0        0        0 
69590   6.491e+09        0        0        0 
69592   6.524e+09        0        0        0 
69611   5.491e+09        0        0        0 
83281   4.75e+11   2.539e+09   1.071e+09   3.154e+08 
83282   1.559e+11   1.072e+09   4.558e+08   1.133e+08 
83283   7.696e+10   1.779e+08   7.502e+07   1.815e+07 
83284   1.724e+10   1.11e+08   4.746e+07   5.487e+04 
83285   1.711e+10   7.155e+07   2.932e+07   1.828e+04 
83286   5.172e+10   3.231e+08   1.399e+08   1.827e+07 
83287   4.696e+10   2.349e+08   1.035e+08   3.708e+06 
83288   6.104e+10   2.497e+08   1.084e+08   2.059e+07 
83289   2.982e+10   1.281e+08   5.484e+07   2.758e+06 
83290   2.066e+10   1.847e+08   8.082e+07   6.498e+06 
83291   2.734e+10   1.608e+08   7.037e+07   4.139e+06 
83292   2.734e+10   1.255e+08   5.546e+07   5.781e+05 
83293   2.927e+10   1.687e+08   7.378e+07   5.168e+06 
83294   3.942e+10   4.304e+08   1.796e+08   5.301e+07 
83295   6.48e+10        0        0        0 
83296   4.913e+10   2.108e+08   9.142e+07   6.561e+06 
83297   5.468e+10   2.386e+08   1.017e+08   6.065e+06 
83298   4.375e+10   2.249e+08   9.75e+07   1.382e+07 
83299   6.342e+10        0        0        0 
83300   2.147e+10   1.743e+08   7.652e+07   3.058e+06 
83301   3.399e+10   2.008e+08   8.726e+07   1.382e+07 
83302   6.556e+09   2.353e+07   9.982e+06        0 
83303   2.143e+10   1.194e+08   5.28e+07   7.121e+04 
83304   1.125e+10   7.505e+07   3.194e+07   2.558e+04 
83305   2.166e+10   3.097e+08   1.322e+08   2.936e+07 
83306   2.752e+10   2.116e+08   9.247e+07   4.59e+06 
83307   7.53e+09   3.235e+07   1.392e+07        0 
83308   1.866e+10   1.308e+08   5.728e+07   7.217e+05 
83309   2.224e+10   1.654e+08   7.224e+07   3.739e+05 
83310   2.244e+10   1.649e+08   7.201e+07   5.785e+05 
83311   9.529e+09   6.105e+07   2.674e+07     8663 
83312   1.432e+10   6.242e+07   2.683e+07     6599 
83313   1.584e+10   1.091e+08   4.716e+07   7.954e+04 
83315   1.629e+10   1.363e+08   5.979e+07   2.264e+05 
83316   1.774e+10        0        0        0 
83317   5.358e+09   1.124e+07   4.492e+06        0 
83318   8.444e+09   3.767e+07   1.63e+07     3859 
83320   7.507e+09   4.427e+07   1.872e+07     3726 
83321   6.164e+09   4.133e+07   1.793e+07    72.11 
83322   9.25e+09   5.749e+07   2.515e+07     5794 
83323   8.727e+09   5.399e+07   2.306e+07     4093 
83325   6.391e+09   4.076e+07   1.715e+07   0.3376 
83326   6.399e+09        0        0        0 
83327   1.26e+10        0        0        0 
83329   9.942e+09   6.992e+07   3.017e+07   2.659e+04 
83330   8.35e+09   6.918e+07   3.037e+07   1.102e+04 
83331   7.655e+09        0        0        0 
83333   8.163e+09   5.384e+07   2.194e+07   1.314e+04 
83336   6.61e+09        0        0        0 
83337    7e+09        0        0        0 
83338   6.956e+09   3.404e+07   1.468e+07     1614 
83340   5.832e+09        0        0        0 
88664   1.318e+11   1.031e+09   4.318e+08   1.252e+08 
88665   1.045e+11   4.243e+08   1.811e+08   2.612e+07 
88666   6.856e+10   5.084e+08   2.18e+08   3.837e+07 
88667   6.653e+10   2.189e+08   9.441e+07   1.257e+07 
88668   4.555e+10   4.722e+08   1.992e+08   3.772e+07 
88669   1.136e+11   7.418e+08   3.172e+08   5.21e+07 
88670   3.834e+10   1.613e+08   7.002e+07   4.325e+06 
88671   3.56e+10   1.66e+08   7.248e+07   5.83e+06 
88672   3.433e+10   3.214e+08   1.372e+08   2.179e+07 
88673   6.835e+10   2.719e+08   1.156e+08   2.157e+07 
88674   3.321e+10   2.111e+08   9.269e+07   5.473e+06 
88675   2.511e+10   1.538e+08   6.762e+07   4.805e+05 
88676   2.767e+10   1.191e+08   5.208e+07   6.144e+05 
88677   3.58e+10   3.38e+08   1.455e+08   1.786e+07 
88678   2.066e+10   6.711e+07   2.839e+07     4284 
88679   3.028e+10   3.671e+08   1.601e+08   1.792e+07 
88680   1.605e+10   6.114e+07   2.626e+07     1715 
88681   7.427e+09   6.47e+07   2.732e+07    546.6 
88682   2.35e+10   1.489e+08   6.59e+07   1.07e+06 
88683   1.156e+10   8.75e+07   3.803e+07     9181 
88684   7.221e+09   3.684e+07   1.593e+07        0 
88685   8.109e+09   4.483e+07   1.95e+07    202.6 
88686   7.669e+09   3.164e+07   1.308e+07        0 
88687   2.003e+10        0        0        0 
88688   2.632e+10   1.693e+08   7.345e+07   5.879e+05 
88689   9.066e+09   6.731e+07   2.954e+07     3910 
88690   1.704e+10   1.888e+08   8.062e+07   2.996e+05 
88691   1.18e+10   1.161e+08   5.135e+07   7.773e+04 
88692   1.386e+10   9.574e+07   4.224e+07   4.494e+04 
88693   2.265e+10   3.176e+08   1.379e+08   1.365e+07 
88694   7.067e+09   4.743e+07   2.066e+07    26.94 
88695   1.243e+10   5.77e+07   2.525e+07    990.5 
88696   2.412e+10        0        0        0 
88697   1.104e+10   5.703e+07   2.495e+07     7912 
88700   7.052e+09   5.567e+07   2.434e+07        0 
88701   1.927e+10   1.348e+08   5.861e+07   3.759e+05 
88702   9.504e+09   3.149e+07   1.354e+07        0 
88703   1.404e+10   9.534e+07   4.206e+07   3.02e+04 
88704   1.355e+10   4.958e+07   2.162e+07     6787 
88705   1.484e+10   8.063e+07   3.496e+07   7.349e+04 
88706   6.431e+09   5.041e+07   2.199e+07    777.7 
88709   7.417e+09   6.4e+07   2.753e+07   1.252e+04 
88710   1.047e+10   5.534e+07   2.419e+07     2491 
88711   1.461e+10        0        0        0 
88713   1.513e+10        0        0        0 
88714   1.086e+10   5.877e+07   2.573e+07     9273 
88715   1.401e+10        0        0        0 
88717   1.318e+10   1.816e+08   8.048e+07   1.098e+06 
88721   8.126e+09   4.887e+07   2.13e+07     5175 
88722   5.982e+09   3.644e+07   1.522e+07     4105 
88727   1.04e+10        0        0        0 
88728   5.111e+09        0        0        0 
88738   9.023e+09        0        0        0 
88743   5.233e+09   2.935e+07   1.258e+07     3009 
88746   6.761e+09   2.465e+07   9.956e+06     1317 
88750   8.722e+09        0        0        0 
88756   5.279e+09        0        0        0 
88757   6.86e+09        0        0        0 
88759   6.172e+09        0        0        0 
88764   5.08e+09        0        0        0 
96501   1.041e+11   4.547e+08   1.908e+08   5.452e+07 
96502   5.79e+10   6.745e+08   2.912e+08   4.261e+07 
96503   5.732e+10   2.871e+08   1.253e+08   3.44e+06 
96504   8.715e+10   3.377e+08   1.451e+08   2.071e+07 
96505   3.7e+10   1.907e+08   8.288e+07   7.372e+06 
96506   9.09e+10   5.271e+08   2.301e+08   2.715e+07 
96507   3.335e+10   1.676e+08   7.315e+07   6.483e+06 
96508   5.56e+10   2.171e+08   9.31e+07   1.229e+07 
96509   3.414e+10   2.435e+08   1.042e+08   1.96e+07 
96510   2.811e+10   1.076e+08   4.65e+07   6.488e+04 
96511   5.481e+10   5.301e+08   2.312e+08   2.419e+07 
96512   3.029e+10   8.976e+07   3.957e+07   3.87e+04 
96513   1.359e+10   9.765e+07   4.199e+07   4.824e+05 
96514   5.553e+10   5.157e+08   2.169e+08   4.961e+07 
96515   3.294e+10   1.239e+08   5.425e+07   5.864e+05 
96516   3.097e+10   1.791e+08   7.898e+07   5.066e+06 
96517   2.958e+10   1.907e+08   8.423e+07   4.345e+06 
96518   4.319e+10   2.502e+08   1.102e+08   4.663e+06 
96519   2.554e+10   1.518e+08   6.562e+07   6.14e+05 
96520   6.517e+09   4.088e+07   1.773e+07   5.094e+04 
96521   3.053e+10   2.123e+08   9.161e+07   1.134e+07 
96522   1.278e+10   8.609e+07   3.687e+07   2.652e+04 
96523   5.008e+09   1.772e+07   7.388e+06        0 
96524   1.943e+10   1.364e+08   5.985e+07   4.504e+05 
96525   5.636e+09   2.367e+07   1.004e+07        0 
96526   2.609e+10        0        0        0 
96527   2.725e+10   2.49e+08   1.099e+08   2.503e+06 
96528   1.62e+10   6.974e+07   3.062e+07   1.293e+04 
96529   1.291e+10   4.705e+07   1.943e+07     1006 
96530   7.607e+09   3.179e+07   1.315e+07        0 
96531   2.09e+10        0        0        0 
96532   9.151e+09   5.482e+07   2.343e+07     3630 
96533   1.543e+10   9.961e+07   4.342e+07   1.669e+05 
96534   1.051e+10   8.891e+07   3.813e+07   2.922e+04 
96535   1.9e+10        0        0        0 
96536   6.602e+09   3.652e+07   1.578e+07     2868 
96537   1.265e+10   9.004e+07   3.916e+07   2.775e+04 
96538   8.136e+09   4.611e+07   1.954e+07     5064 
96539   8.339e+09   7.075e+07   3.108e+07   1.58e+04 
96541   7.931e+09   7.126e+07   3.078e+07   2.749e+04 
96542   8.531e+09   4.649e+07   2.024e+07    112.7 
96543   1.402e+10        0        0        0 
96546   8.801e+09   6.355e+07   2.733e+07     9283 
96551   7.797e+09        0        0        0 
96556   1.021e+10        0        0        0 
96559   5.232e+09   2.412e+07   1.025e+07     5281 
102684   2.926e+11   2.027e+09   8.501e+08   2.62e+08 
102685   6.237e+10   2.148e+08   9.168e+07   1.103e+07 
102686   5.377e+10   3.93e+08   1.707e+08   2.167e+07 
102687   2.833e+10   1.848e+08   8.04e+07   5.317e+06 
102688   4.576e+10   2.584e+08   1.094e+08   1.26e+07 
102689   4.178e+10   1.696e+08   7.461e+07   8.771e+05 
102690   2.71e+10   1.614e+08   6.984e+07   1.279e+06 
102691   4.171e+10   2.119e+08   9.206e+07   4.628e+06 
102692   2.724e+10   2.252e+08   9.807e+07   9.147e+06 
102693   1.314e+10   1.116e+08   4.768e+07   3.979e+05 
102694   2.85e+10   1.533e+08   6.626e+07   9.62e+05 
102695   2.873e+10   1.65e+08   7.15e+07   1.136e+06 
102696   3.115e+10   1.376e+08   5.98e+07   7.674e+05 
102697   2.021e+10   1.383e+08   6.122e+07   2.988e+05 
102698   2.333e+10   1.209e+08   5.189e+07   2.319e+05 
102700   1.404e+10   9.979e+07   4.404e+07   4.571e+04 
102701   2.285e+10   1.808e+08   8.017e+07   6.509e+05 
102702   2.25e+10   2.625e+08   1.147e+08   4.486e+06 
102703   1.001e+10   2.673e+07   1.141e+07        0 
102704   1.209e+10   8.237e+07   3.627e+07   2.206e+04 
102705   8.522e+09   4.791e+07   2.088e+07        0 
102708   5.396e+09   3.21e+07   1.328e+07    23.51 
102709   1.93e+10        0        0        0 
102711   1.656e+10   1.373e+08   6.024e+07   3.231e+05 
102713   7.982e+09   5.102e+07   2.226e+07     4102 
102715   1.161e+10        0        0        0 
102720   6.091e+09   1.859e+07   7.775e+06     1132 
102724   9.091e+09   8.827e+07   3.837e+07   5.581e+04 
102726   5.125e+09        0        0        0 
102729   6.663e+09   5.382e+07   2.351e+07   1.263e+04 
102735   7.278e+09        0        0        0 
102737   7.05e+09        0        0        0 
102741   5.427e+09        0        0        0 
102743   5.596e+09        0        0        0 
102757   5.09e+09        0        0        0 
118680   4.693e+10   4.753e+08   2.076e+08   2.066e+07 
118681   6.561e+10   2.861e+08   1.224e+08   2.222e+07 
118682   7.503e+10   7.285e+08   3.065e+08   6.771e+07 
118683   4.675e+10   3.377e+08   1.469e+08   7.657e+06 
118684   3.643e+10   2.325e+08   1.027e+08   5.96e+06 
118685   1.147e+10   7.23e+07   3.177e+07     6517 
118686   8.331e+09   5.938e+07   2.494e+07     5781 
118687   1.653e+10   8.761e+07   3.808e+07   1.793e+04 
118688   1.05e+10   6.826e+07   2.997e+07     7269 
118689   2.437e+10        0        0        0 
118690   2.477e+10        0        0        0 
118691   1.959e+10   1.045e+08   4.456e+07   6.72e+04 
118692   1.903e+10        0        0        0 
118694   1.332e+10   9.458e+07   4.171e+07   9.931e+04 
118695   1.06e+10   6.811e+07   2.937e+07   1.612e+04 
118696   1.198e+10   1.01e+08   4.353e+07   5.448e+04 
118697   1.588e+10        0        0        0 
118700   8.59e+09   5.237e+07   2.286e+07   1.408e+04 
118701   6.105e+09   2.609e+07   1.06e+07     2403 
118703   1.128e+10        0        0        0 
118704   5.458e+09   1.225e+07   4.943e+06    236.4 
118709   6.532e+09        0        0        0 
118719   5.706e+09        0        0        0 
118723   5.479e+09        0        0        0 
121864   1.46e+11   9.828e+08   4.168e+08   1.114e+08 
121865   5.718e+10   2.635e+08   1.141e+08   1.506e+07 
121866   5.749e+10   1.525e+08   6.552e+07   4.858e+06 
121867   1.411e+10   8.402e+07   3.639e+07   7.347e+05 
121868   4.69e+10   4.116e+08   1.766e+08   1.501e+07 
121869   1.604e+10   6.143e+07   2.586e+07     2327 
121870   2.521e+10   2.578e+08   1.123e+08   1.27e+07 
121871   9.883e+09   3.589e+07   1.445e+07        0 
121872   1.107e+10   4.548e+07   1.979e+07     1370 
121873   8.794e+09   3.818e+07   1.653e+07    329.9 
121874   1.907e+10   9.342e+07   4.014e+07   8.746e+04 
121875   2.242e+10   1.494e+08   6.562e+07   5.711e+05 
121876   1.859e+10   9.492e+07   4.134e+07   4.604e+04 
121877   1.431e+10   8.325e+07   3.666e+07   3.122e+04 
121878   1.366e+10   5.141e+07   2.191e+07   3.142e+04 
121879   1.23e+10   8.187e+07   3.499e+07   1.69e+04 
121880   9.845e+09   5.177e+07   2.26e+07     6169 
121881   1.166e+10   5.492e+07   2.399e+07   1.475e+05 
121882   9.208e+09   5.931e+07   2.597e+07     1315 
121883   1.375e+10        0        0        0 
121884   1.036e+10   6.781e+07   2.923e+07   1.732e+04 
121885   1.007e+10        0        0        0 
121886   9.336e+09        0        0        0 
121887   1.002e+10        0        0        0 
121888   8.62e+09        0        0        0 
121892   9.958e+09        0        0        0 
121894   5.836e+09        0        0        0 
121899   6.623e+09        0        0        0 
128394   4.71e+10   3.11e+08   1.347e+08   1.068e+07 
128395   7.771e+10   3.286e+08   1.412e+08   2.44e+07 
128396   6.183e+10   2.365e+08   1.006e+08   1.905e+07 
128397   2.5e+10   2.205e+08   9.694e+07   4.8e+06 
128398   6.829e+10   3.079e+08   1.291e+08   4.186e+07 
128399   2.287e+10   1.011e+08   4.408e+07   1.231e+05 
128400   2.998e+10   8.714e+07   3.782e+07   5.093e+05 
128401   3.818e+10   2.284e+08   1.007e+08   2.436e+06 
128402   3.117e+10   3.074e+08   1.332e+08   2.509e+07 
128403   2.517e+10   1.906e+08   8.438e+07   2.408e+06 
128404   2.691e+10   1.734e+08   7.622e+07   2.019e+06 
128406   2.343e+10   1.987e+08   8.708e+07   6.082e+06 
128407   2.308e+10   2.339e+08   1.011e+08   1.251e+07 
128409   1.032e+10   3.979e+07   1.672e+07     2248 
128411   1.367e+10   1.218e+08   5.385e+07   1.347e+05 
128413   1.265e+10   8.206e+07   3.612e+07   4.225e+04 
128416   1.207e+10   8.561e+07   3.666e+07   3.58e+04 
128418   9.589e+09        0        0        0 
128419   7.38e+09   3.028e+07   1.247e+07     5162 
128420   9.622e+09        0        0        0 
128421   1.069e+10   1.354e+06   7.737e+04    1.109 
128430   5.082e+09   4.929e+07   2.149e+07     8213 
