## stellar mass, BH mass, and energy injection all within 2 times stellar half mass radius 
## Units: mass = solar mass, energy: 1e53 ergs 
## Columns: Gal ID, Stellar mass, BH mass, E_QM, E_RM 
69507   1.474e+12   9.112e+09   3.77e+09   1.452e+09 
408497   3.798e+10   4.745e+08   2.059e+08   1.725e+07 
380934   8.196e+10   4.543e+08   1.971e+08   2.625e+07 
439732   4.617e+10   4.114e+08   1.81e+08   2.253e+07 
296787   2.282e+11   9.547e+08   4.046e+08   1.189e+08 
273141   1.576e+11   8.05e+08   3.384e+08   9.011e+07 
424910   7.475e+10   2.631e+08   1.127e+08   1.703e+07 
302773   1.43e+11   1.026e+09   4.437e+08   7.085e+07 
502560   3.302e+10   2.313e+08   1.012e+08   5.18e+06 
154493   5.771e+11   3.722e+09   1.571e+09   4.73e+08 
207473   4.157e+11   2.915e+09   1.221e+09   3.96e+08 
352578   7.493e+10   6.803e+08   2.931e+08   3.39e+07 
370529   8.27e+10   5.203e+08   2.16e+08   6.932e+07 
449201   5.304e+10   2.161e+08   9.288e+07   1.505e+07 
177719   9.17e+11   3.764e+09   1.588e+09   3.949e+08 
434681   6.028e+10   2.869e+08   1.223e+08   2.628e+07 
257302   2.694e+11   1.415e+09   5.936e+08   1.705e+08 
348334   1.244e+11   5.333e+08   2.226e+08   7.142e+07 
149169   5.186e+11   2.616e+09   1.102e+09   3.096e+08 
191079   4.103e+11   2.115e+09   8.867e+08   2.874e+08 
336796   1.465e+11   8.455e+08   3.643e+08   5.964e+07 
268908   3.2e+11   2.006e+09   8.536e+08   2.3e+08 
177719   9.17e+11   3.764e+09   1.588e+09   3.949e+08 
504142   3.887e+10   1.679e+08   7.327e+07   6.777e+06 
404888   6.221e+10   4.222e+08   1.832e+08   2.153e+07 
445515   6.274e+10   3.221e+08   1.387e+08   2.457e+07 
360294   1.176e+11   6.155e+08   2.622e+08   4.279e+07 
283637   2.598e+11   1.731e+09   7.512e+08   1.131e+08 
506719   2.921e+10   1.67e+08   7.241e+07   5.837e+06 
445271   9.895e+10   2.008e+08   8.512e+07   1.409e+07 
297210   1.625e+11   1.085e+09   4.619e+08   1.048e+08 
388818   3.598e+10   1.858e+08   8.123e+07   6.906e+06 
492808   3.354e+10   2.973e+08   1.287e+08   1.324e+07 
377539   7.927e+10   5.308e+08   2.295e+08   3.318e+07 
402118   6.808e+10   3.63e+08   1.564e+08   2.046e+07 
432130   7.388e+10   3.312e+08   1.438e+08   1.513e+07 
245134   2.166e+11   1.347e+09   5.724e+08   1.291e+08 
292355   1.494e+11   1.018e+09   4.365e+08   6.94e+07 
250390   2.556e+11   1.482e+09   6.237e+08   1.857e+08 
475171   3.888e+10   2.422e+08   1.057e+08   9.325e+06 
356415   6.524e+10   3.543e+08   1.51e+08   2.999e+07 
319643   1.498e+11   7.026e+08   2.973e+08   7.548e+07 
462010   3.261e+10   1.991e+08   8.627e+07   1.1e+07 
500632   2.573e+10   1.004e+08   4.275e+07   1.216e+04 
402483   5.705e+10   4.628e+08   1.976e+08   3.321e+07 
226194   4.777e+11   2.406e+09   1.02e+09   3.087e+08 
329105   1.313e+11   8.219e+08   3.517e+08   8.542e+07 
158847   3.684e+11   2.637e+09   1.086e+09   4.287e+08 
510299   3.091e+10   1.046e+08   4.491e+07   2.159e+06 
432927   3.201e+10   3.645e+08   1.529e+08   2.997e+07 
335486   8.44e+10   6.38e+08   2.758e+08   2.849e+07 
488990   3.374e+10   2.231e+08   9.649e+07   9.942e+06 
496132   2.7e+10   1.849e+08   8.025e+07   7.599e+06 
345813   4.623e+10   3.554e+08   1.526e+08   2.469e+07 
451179   4.825e+10   2.616e+08   1.152e+08   5.833e+06 
299935   1.924e+11   6.84e+08   2.864e+08   6.537e+07 
242214   3.639e+11   1.889e+09   8.045e+08   1.962e+08 
242214   3.639e+11   1.889e+09   8.045e+08   1.962e+08 
299935   1.924e+11   6.84e+08   2.864e+08   6.537e+07 
451179   4.825e+10   2.616e+08   1.152e+08   5.833e+06 
454074   4.228e+10   2.051e+08   8.923e+07   2.597e+06 
439283   4.008e+10   2.821e+08   1.225e+08   3.514e+06 
402017   7.203e+10   1.944e+08   8.335e+07   8.413e+06 
161162   4.87e+11   2.742e+09   1.15e+09   4.277e+08 
235692   3.855e+11   2.429e+09   1.039e+09   2.305e+08 
378526   5.702e+10   5.536e+08   2.42e+08   2.585e+07 
286695   1.497e+11   8.764e+08   3.764e+08   7.197e+07 
360294   1.176e+11   6.155e+08   2.622e+08   4.279e+07 
292355   1.494e+11   1.018e+09   4.365e+08   6.94e+07 
413608   6.993e+10   4.596e+08   1.989e+08   2.079e+07 
327112   1.816e+11   8.806e+08   3.762e+08   7.091e+07 
457169   6.462e+10   3.8e+08   1.666e+08   9.768e+06 
376738   7.108e+10   2.693e+08   1.127e+08   2.341e+07 
337843   6.438e+10   2.775e+08   1.165e+08   3.233e+07 
230235   3.893e+11   1.199e+09   4.815e+08   2.509e+08 
374379   4.842e+10   3.487e+08   1.494e+08   3.222e+07 
108012   3.744e+11   2.019e+09   8.576e+08   2.274e+08 
438038   4.327e+10   3.56e+08   1.543e+08   2.112e+07 
410140   6.713e+10   3.401e+08   1.469e+08   7.543e+06 
382256   4.212e+10   5.951e+08   2.574e+08   2.551e+07 
527996   2.779e+10   2.053e+08   9.092e+07   2.322e+06 
443746   6.679e+10   2.851e+08   1.202e+08   2.387e+07 
277687   2.76e+11   1.523e+09   6.484e+08   1.737e+08 
413608   6.993e+10   4.596e+08   1.989e+08   2.079e+07 
285479   2.899e+11   1.629e+09   6.974e+08   1.341e+08 
440024   2.582e+10   3.113e+08   1.36e+08   1.462e+07 
406495   4.617e+10   4.506e+08   1.938e+08   3.238e+07 
563039   1.96e+10   1.9e+08   8.39e+07   3.865e+06 
434938   8.774e+10   2.314e+08   9.848e+07   2.268e+07 
553932   1.549e+10   1.543e+08   6.824e+07   1.531e+06 
334028   1.297e+11   5.096e+08   2.195e+08   2.851e+07 
441141   4.697e+10   1.632e+08   7.114e+07   7.231e+06 
391260   7.891e+10   4.921e+08   2.092e+08   3.159e+07 
339181   2.007e+11   4.931e+08   2.079e+08   5.484e+07 
394850   9.728e+10   4.291e+08   1.852e+08   2.706e+07 
381147   3.384e+10   3.368e+08   1.431e+08   2.093e+07 
334028   1.297e+11   5.096e+08   2.195e+08   2.851e+07 
441141   4.697e+10   1.632e+08   7.114e+07   7.231e+06 
391260   7.891e+10   4.921e+08   2.092e+08   3.159e+07 
455637   2.973e+10   3.784e+08   1.66e+08   1.942e+07 
354483   6.547e+10   5.247e+08   2.268e+08   3.766e+07 
248157   2.293e+11   1.502e+09   6.455e+08   1.099e+08 
528727   1.574e+10   1.281e+08   5.668e+07   1.424e+05 
538134   1.248e+10   8.206e+07   3.56e+07    2e+04 
548801   1.63e+10   1.129e+08   4.937e+07   1.044e+05 
367139   5.646e+10   5.855e+08   2.525e+08   3.281e+07 
154493   5.771e+11   3.722e+09   1.571e+09   4.73e+08 
102683   1.017e+12   5.831e+09   2.396e+09   9.471e+08 
456872   4.686e+10   2.717e+08   1.191e+08   7.364e+06 
297210   1.625e+11   1.085e+09   4.619e+08   1.048e+08 
252245   3.27e+11   1.453e+09   6.062e+08   2.044e+08 
493859   2.365e+10   1.618e+08   6.975e+07   4.078e+06 
502347   2.727e+10   1.598e+08   6.886e+07   4.159e+06 
470178   4.854e+10   2.193e+08   9.477e+07   1.064e+07 
517881   2.388e+10   1.713e+08   7.431e+07   5.804e+06 
371859   7.66e+10   7.071e+08   3.02e+08   4.799e+07 
493575   3.193e+10   1.285e+08   5.583e+07   5.052e+06 
386247   5.303e+10   3.838e+08   1.645e+08   1.703e+07 
380475   5.737e+10   5.421e+08   2.354e+08   2.516e+07 
384355   8.761e+10   6.073e+08   2.629e+08   3.653e+07 
441574   6.065e+10   4.101e+08   1.778e+08   1.677e+07 
377398   1.525e+11   5.98e+08   2.538e+08   4.871e+07 
496713   2.404e+10   1.948e+08   8.438e+07   5.115e+06 
428813   5.222e+10   1.752e+08   7.6e+07   6.693e+06 
237941   1.765e+11   1.088e+09   4.663e+08   8.742e+07 
511005   3.351e+10   1.457e+08   6.378e+07   2.51e+06 
544179   1.979e+10   1.606e+08   7.1e+07   1.765e+06 
507933   3.652e+10   2.335e+08   1.023e+08   9.283e+06 
563039   1.96e+10   1.9e+08   8.39e+07   3.865e+06 
531951   1.7e+10   1.446e+08   6.405e+07   2.992e+05 
496244   2.323e+10   1.649e+08   7.183e+07   2.256e+06 
276219   2.043e+11   1.158e+09   4.918e+08   9.671e+07 
514885   3.307e+10   1.326e+08   5.836e+07   3.488e+06 
530450   2.568e+10   1.584e+08   6.949e+07   2.13e+06 
463278   3.729e+10   3.626e+08   1.583e+08   1.527e+07 
517858   3.233e+10   1.509e+08   6.606e+07   2.967e+06 
154493   5.771e+11   3.722e+09   1.571e+09   4.73e+08 
353168   7.112e+10   1.927e+08   7.999e+07   1.871e+07 
284316   1.562e+11   9.046e+08   3.773e+08   1.206e+08 
371259   1.033e+11   4.349e+08   1.841e+08   2.805e+07 
346748   1.236e+11   5.474e+08   2.316e+08   5.485e+07 
501991   2.91e+10   2.653e+08   1.159e+08   9.596e+06 
383945   3.604e+10   1.897e+08   8.222e+07   9.316e+06 
404216   9.873e+10   2.294e+08   9.695e+07   1.846e+07 
588295   1.106e+10   9.219e+07   4.065e+07   1.662e+04 
502168   2.864e+10   1.695e+08   7.361e+07   4.945e+06 
339862   2.095e+11   7.746e+08   3.297e+08   5.703e+07 
485233   5.796e+10   1.813e+08   7.803e+07   8.697e+06 
304201   2.895e+11   1.02e+09   4.332e+08   1.019e+08 
437645   3.516e+10   1.795e+08   7.827e+07   3.265e+06 
277687   2.76e+11   1.523e+09   6.484e+08   1.737e+08 
146176   5.095e+11   2.341e+09   9.863e+08   3.138e+08 
356678   1.856e+11   8.05e+08   3.471e+08   5.58e+07 
277687   2.76e+11   1.523e+09   6.484e+08   1.737e+08 
146176   5.095e+11   2.341e+09   9.863e+08   3.138e+08 
356678   1.856e+11   8.05e+08   3.471e+08   5.58e+07 
338458   1.783e+11   7.53e+08   3.235e+08   6.026e+07 
344300   1.077e+11   4.39e+08   1.906e+08   2.288e+07 
419909   5.978e+10   3.332e+08   1.439e+08   1.727e+07 
206226   6.793e+11   3.255e+09   1.365e+09   4.126e+08 
399391   7.608e+10   4.412e+08   1.889e+08   2.371e+07 
384355   8.761e+10   6.073e+08   2.629e+08   3.653e+07 
569953   1.659e+10   9.382e+07   4.131e+07   6.958e+05 
460273   4.727e+10   2.385e+08   1.044e+08   5.781e+06 
424485   9.479e+10   2.688e+08   1.13e+08   1.31e+07 
394069   7.656e+10   6.259e+08   2.721e+08   3.232e+07 
341356   1.161e+11   5.274e+08   2.265e+08   3.788e+07 
143884   1.045e+12   5.117e+09   2.112e+09   9.344e+08 
408497   3.798e+10   4.745e+08   2.059e+08   1.725e+07 
332812   6.557e+10   6.352e+08   2.712e+08   4.572e+07 
415373   7.72e+10   4.952e+08   2.145e+08   2.476e+07 
304201   2.895e+11   1.02e+09   4.332e+08   1.019e+08 
313402   9.21e+10   6.592e+08   2.82e+08   4.048e+07 
302773   1.43e+11   1.026e+09   4.437e+08   7.085e+07 
177719   9.17e+11   3.764e+09   1.588e+09   3.949e+08 
437749   5.002e+10   2.848e+08   1.235e+08   1.64e+07 
342343   1.381e+11   6.841e+08   2.937e+08   4.021e+07 
379540   4.015e+10   1.906e+08   8.247e+07   1.083e+07 
405000   7.258e+10   2.008e+08   8.415e+07   1.321e+07 
512247   1.502e+10   1.935e+08   8.445e+07   3.405e+06 
226194   4.777e+11   2.406e+09   1.02e+09   3.087e+08 
254112   2.23e+11   1.625e+09   6.942e+08   1.44e+08 
436797   3.595e+10   3.465e+08   1.482e+08   2.879e+07 
524996   1.999e+10   1.989e+08   8.793e+07   3.806e+06 
452895   4.318e+10   3.003e+08   1.308e+08   6.541e+06 
397568   7.907e+10   1.86e+08   7.965e+07   1.337e+07 
245134   2.166e+11   1.347e+09   5.724e+08   1.291e+08 
412743   3.079e+10   2.945e+08   1.265e+08   1.87e+07 
419909   5.978e+10   3.332e+08   1.439e+08   1.727e+07 
538580   1.053e+10   7.878e+07   3.355e+07   5.524e+05 
251299   3.07e+11   1.715e+09   7.309e+08   1.615e+08 
480750   3.587e+10   2.308e+08   1.007e+08   2.711e+06 
447042   4.627e+10   2.189e+08   9.455e+07   5.737e+06 
548572   1.334e+10   8.776e+07   3.815e+07   2.95e+04 
491650   2.37e+10   1.954e+08   8.465e+07   4.926e+06 
456921   4.677e+10   1.827e+08   7.954e+07   1.002e+07 
433656   7.534e+10   5.758e+08   2.509e+08   3.048e+07 
494377   2.196e+10   1.479e+08   6.466e+07   3.456e+06 
423282   4.961e+10   3.832e+08   1.652e+08   1.72e+07 
437945   5.155e+10   4.041e+08   1.749e+08   2.387e+07 
372343   7.956e+10   6.031e+08   2.58e+08   3.496e+07 
567326   1.483e+10   1.258e+08   5.563e+07   4.034e+05 
434303   3.956e+10   1.132e+08   4.899e+07   6.874e+04 
497585   2.685e+10   1.482e+08   6.545e+07   2.304e+06 
367456   8.609e+10   5.17e+08   2.233e+08   2.821e+07 
260862   1.144e+11   5.299e+08   2.238e+08   6.052e+07 
420059   5.625e+10   3.823e+08   1.652e+08   2.871e+07 
463278   3.729e+10   3.626e+08   1.583e+08   1.527e+07 
433537   3.796e+10   3.239e+08   1.391e+08   1.844e+07 
507933   3.652e+10   2.335e+08   1.023e+08   9.283e+06 
499055   2.695e+10   1.874e+08   8.155e+07   5.589e+06 
488537   2.969e+10   2.239e+08   9.833e+07   6.123e+06 
487363   1.959e+10   1.298e+08   5.632e+07   9.493e+05 
226194   4.777e+11   2.406e+09   1.02e+09   3.087e+08 
347237   1.418e+11   5.625e+08   2.396e+08   4.26e+07 
392725   1.148e+11   4.441e+08   1.892e+08   2.247e+07 
348593   8.321e+10   6.452e+08   2.747e+08   5.051e+07 
484113   4.168e+10   2.215e+08   9.522e+07   1.57e+07 
298892   1.376e+11   9.228e+08   3.942e+08   6.979e+07 
457000   4.986e+10   2.008e+08   8.669e+07   1.429e+07 
613567   4.763e+09   3.707e+07   1.603e+07    126.1 
602224   5.958e+09   2.864e+07   1.227e+07        0 
433217   5.801e+10   4.645e+08   2.018e+08   2.49e+07 
336796   1.465e+11   8.455e+08   3.643e+08   5.964e+07 
332812   6.557e+10   6.352e+08   2.712e+08   4.572e+07 
313954   1.518e+11   8.768e+08   3.728e+08   8.792e+07 
197108   2.278e+11   1.627e+09   6.853e+08   1.563e+08 
278854   1.275e+11   1.373e+09   5.9e+08   1.051e+08 
521838   3.077e+10   1.661e+08   7.24e+07   1.972e+06 
363315   1.432e+11   7.083e+08   3.051e+08   3.878e+07 
453961   4.239e+10   1.043e+08   4.603e+07   1.343e+05 
417032   9.442e+10   4.249e+08   1.812e+08   3.267e+07 
417281   5.138e+10   1.546e+08   6.741e+07   4.933e+05 
369545   1.28e+11   2.881e+08   1.209e+08   2.462e+07 
396640   3.61e+10   5.368e+08   2.327e+08   2.323e+07 
278854   1.275e+11   1.373e+09   5.9e+08   1.051e+08 
273994   1.503e+11   8.729e+08   3.689e+08   1.151e+08 
499113   4.875e+10   1.61e+08   6.999e+07   3.238e+06 
471857   7.584e+10   2.077e+08   9.03e+07   1.414e+07 
380119   1.217e+11   5.017e+08   2.155e+08   2.295e+07 
172649   2.716e+11   1.973e+09   8.397e+08   1.948e+08 
508020   3.354e+10   1.965e+08   8.591e+07   8.008e+06 
394986   8.115e+10   4.105e+08   1.75e+08   2.501e+07 
353729   1.436e+11   7.082e+08   3.023e+08   6.528e+07 
424362   4.564e+10   4.523e+08   1.963e+08   3.104e+07 
340106   1.253e+11   7.991e+08   3.384e+08   9.06e+07 
412442   7.114e+10   3.495e+08   1.497e+08   2.735e+07 
422426   4.298e+10   2.579e+08   1.124e+08   6.336e+06 
379540   4.015e+10   1.906e+08   8.247e+07   1.083e+07 
601834   6.091e+09   3.33e+07   1.435e+07        0 
622603   4.618e+09   1.338e+07   5.448e+06        0 
533001   2.037e+10   6.405e+07   2.703e+07   2.238e+04 
431390   3.36e+10   2.525e+08   1.09e+08   1.121e+07 
488722   2.931e+10   1.539e+08   6.672e+07   4.606e+06 
321204   1.382e+11   7.625e+08   3.281e+08   6.128e+07 
429556   4.294e+10   2.344e+08   9.906e+07   1.956e+07 
330553   1.016e+11   1.033e+09   4.439e+08   8.739e+07 
463804   2.588e+10   2.216e+08   9.522e+07   1.1e+07 
31342   1.834e+12   1.237e+10   5.119e+09   1.902e+09 
202634   3.042e+11   1.957e+09   8.141e+08   2.79e+08 
412199   6.755e+10   3.248e+08   1.396e+08   2.332e+07 
431390   3.36e+10   2.525e+08   1.09e+08   1.121e+07 
488722   2.931e+10   1.539e+08   6.672e+07   4.606e+06 
321204   1.382e+11   7.625e+08   3.281e+08   6.128e+07 
457000   4.986e+10   2.008e+08   8.669e+07   1.429e+07 
474320   2.365e+10   1.638e+08   7.109e+07   4.754e+06 
412912   3.444e+10   2.17e+08   9.304e+07   7.292e+06 
349135   6.615e+10   6.36e+08   2.75e+08   3.315e+07 
463597   3.746e+10   2.933e+08   1.287e+08   1.178e+07 
199321   5.531e+11   3.885e+09   1.638e+09   4.979e+08 
482869   3.656e+10   1.665e+08   7.204e+07   7.381e+06 
567818   1.659e+10   1.221e+08   5.386e+07   1.049e+06 
523109   2.153e+10   9.212e+07   4.062e+07   3.362e+04 
457169   6.462e+10   3.8e+08   1.666e+08   9.768e+06 
486009   3.504e+10   1.812e+08   7.914e+07   2.207e+06 
489901   3.888e+10   1.557e+08   6.765e+07   3.194e+06 
258264   1.851e+11   6.755e+08   2.87e+08   7.929e+07 
374228   1.207e+11   5.958e+08   2.585e+08   3.395e+07 
372175   1.027e+11   6.079e+08   2.6e+08   4.089e+07 
464539   5.549e+10   2.145e+08   9.139e+07   1.253e+07 
472550   2.231e+10   1.704e+08   7.417e+07   3.682e+06 
494807   3.451e+10   2.526e+08   1.109e+08   3.361e+06 
382684   7.168e+10   6.693e+08   2.883e+08   3.24e+07 
538535   2.899e+10   1.223e+08   5.399e+07   9.889e+05 
525634   3.571e+10   1.339e+08   5.858e+07   1.834e+06 
432379   4.775e+10   2.039e+08   8.561e+07   1.763e+07 
355232   5.068e+10   2.504e+08   1.074e+08   1.782e+07 
381608   1.112e+11   6.858e+08   2.955e+08   5.02e+07 
397418   1.23e+11   3.35e+08   1.438e+08   2.669e+07 
282377   2.15e+11   1.243e+09   5.294e+08   1.269e+08 
277020   1.743e+11   1.242e+09   5.261e+08   1.138e+08 
413091   1.189e+11   2.389e+08   9.842e+07   3.022e+07 
388115   8.447e+10   1.802e+08   7.593e+07   1.406e+07 
465205   4.927e+10   2.025e+08   8.817e+07   1.217e+07 
450337   3.171e+10   2.53e+08   1.091e+08   7.346e+06 
472641   3.766e+10   2.531e+08   1.088e+08   1.615e+07 
481724   2.172e+10   2.033e+08   8.762e+07   1.05e+07 
432379   4.775e+10   2.039e+08   8.561e+07   1.763e+07 
355232   5.068e+10   2.504e+08   1.074e+08   1.782e+07 
381608   1.112e+11   6.858e+08   2.955e+08   5.02e+07 
506244   2.15e+10   1.236e+08   5.415e+07   1.333e+05 
424910   7.475e+10   2.631e+08   1.127e+08   1.703e+07 
534882   1.88e+10   1.059e+08   4.625e+07   4.871e+04 
530353   1.733e+10   9.701e+07   4.28e+07   4.48e+04 
497380   2.281e+10   1.217e+08   5.332e+07   9.806e+04 
424910   7.475e+10   2.631e+08   1.127e+08   1.703e+07 
225155   5.174e+11   2.957e+09   1.261e+09   3.465e+08 
254925   3.383e+11   1.734e+09   7.284e+08   2.03e+08 
286066   1.598e+11   7.797e+08   3.259e+08   1.13e+08 
548675   1.91e+10   8.298e+07   3.654e+07   1.812e+04 
521910   1.962e+10   1.348e+08   5.909e+07   5.785e+05 
506313   2.798e+10   1.606e+08   7.063e+07   6.748e+05 
445567   4.003e+10   1.043e+08   4.553e+07   1.823e+05 
556458   1.161e+10   8.207e+07   3.613e+07   1.164e+04 
485833   3.63e+10   1.908e+08   8.333e+07   2.966e+06 
288743   2.052e+11   1.076e+09   4.633e+08   7.413e+07 
440477   2.379e+10   1.527e+08   6.653e+07   6.383e+06 
532001   3.358e+10   1.377e+08   5.972e+07   1.956e+06 
450683   4.743e+10   2.868e+08   1.233e+08   1.076e+07 
505333   2.601e+10   1.779e+08   7.718e+07   6.855e+06 
469464   5.069e+10   1.799e+08   7.894e+07   3.514e+06 
525649   3.016e+10   1.587e+08   6.919e+07   1.21e+06 
556215   1.32e+10   8.127e+07   3.577e+07     5876 
492425   3.292e+10   1.091e+08   4.768e+07   1.763e+05 
515648   1.984e+10   1.674e+08   7.395e+07    3e+06 
469539   2.683e+10   1.802e+08   7.901e+07   4.041e+06 
537690   2.239e+10   1.314e+08   5.729e+07   3.38e+06 
573325   1.439e+10   9.811e+07   4.329e+07   5.252e+04 
453081   5.806e+10   1.738e+08   7.438e+07   7.427e+05 
488174   3.143e+10   1.539e+08   6.659e+07   6.452e+05 
443587   5.045e+10   3.105e+08   1.332e+08   1.755e+07 
561729   1.163e+10   3.9e+07   1.69e+07    308.4 
543333   6.645e+09   4.901e+07   2.137e+07    160.1 
577609   1.314e+10   4.05e+07   1.756e+07    351.9 
572344   1.275e+10   4.912e+07   2.141e+07     4731 
396266   7.184e+10   4.057e+08   1.757e+08   1.78e+07 
456634   3.77e+10   2.313e+08    1e+08   1.205e+07 
452185   4.391e+10   2.573e+08   1.101e+08   1.168e+07 
431201   9.589e+10   1.966e+08   8.28e+07   1.33e+07 
449910   3.556e+10   9.456e+07   4.169e+07   2.357e+05 
467011   5.432e+10   2.077e+08   8.921e+07   8.985e+06 
541223   2.707e+10   1.224e+08   5.309e+07   1.453e+05 
283637   2.598e+11   1.731e+09   7.512e+08   1.131e+08 
252995   8.455e+10   5.444e+08   2.301e+08   6.773e+07 
259114   9.993e+10   9.465e+08   4.085e+08   7.415e+07 
362780   1.15e+11   4.088e+08   1.752e+08   2.117e+07 
421956   2.659e+10   1.564e+08   6.77e+07   5.667e+06 
484257   3.602e+10   1.95e+08   8.372e+07   1.256e+07 
456381   2.994e+10   1.757e+08   7.572e+07   6.482e+06 
514361   1.838e+10   1.794e+08   7.797e+07   5.47e+06 
382059   1.028e+11   2.871e+08   1.223e+08   1.689e+07 
486463   2.836e+10   1.822e+08   7.951e+07   2.95e+06 
511748   2.351e+10   1.671e+08   7.316e+07   4.094e+06 
574342   1.355e+10   7.518e+07   3.306e+07     9488 
344987   1.235e+11   7.755e+08   3.323e+08   6.189e+07 
443801   2.939e+10   4.15e+08   1.82e+08   1.765e+07 
422109   2.928e+10   3.817e+08   1.646e+08   1.644e+07 
410303   7.9e+10   3.411e+08   1.468e+08   1.381e+07 
565806   1.015e+10   7.573e+07   3.33e+07     7967 
428038   1.798e+10   7.29e+07   3.203e+07   1.082e+04 
436797   3.595e+10   3.465e+08   1.482e+08   2.879e+07 
445515   6.274e+10   3.221e+08   1.387e+08   2.457e+07 
428537   6.347e+10   3.237e+08   1.382e+08   2.742e+07 
543639   1.528e+10   1.404e+08   6.162e+07   3.35e+05 
558583   1.209e+10   9.96e+07   4.396e+07   2.885e+04 
550248   1.467e+10   9.384e+07   4.139e+07   2.16e+04 
480587   3.694e+10   2.234e+08   9.704e+07   6.174e+06 
491901   4.015e+10   2.136e+08   9.306e+07   2.6e+06 
490711   2.095e+10   1.197e+08   5.208e+07   3.193e+06 
146176   5.095e+11   2.341e+09   9.863e+08   3.138e+08 
199321   5.531e+11   3.885e+09   1.638e+09   4.979e+08 
272322   1.097e+11   1.045e+09   4.455e+08   7.007e+07 
489314   4.312e+10   1.552e+08   6.828e+07   4.856e+06 
465205   4.927e+10   2.025e+08   8.817e+07   1.217e+07 
436003   4.396e+10   2.837e+08   1.23e+08   1.119e+07 
383506   2.702e+10   2.345e+08   1.01e+08   1.162e+07 
545936   1.638e+10   1.82e+08   8.048e+07   2.67e+06 
497450   3.398e+10   1.566e+08   6.914e+07   2.756e+06 
534824   7.374e+09   3.993e+07   1.731e+07   4.171e+04 
341683   6.193e+10   4.913e+08   2.082e+08   3.801e+07 
436991   2.021e+10   9.234e+07   4.019e+07   2.338e+04 
606140   5.232e+09   2.515e+07   1.071e+07        0 
558970   7.701e+09   4.296e+07   1.866e+07        0 
545136   7.614e+09   3.77e+07   1.631e+07        0 
392097   9.301e+10   5.236e+08   2.24e+08   4.125e+07 
553327   1.601e+10   7.398e+07   3.252e+07     7549 
538761   1.613e+10   1.466e+08   6.377e+07   1.119e+06 
488174   3.143e+10   1.539e+08   6.659e+07   6.452e+05 
468817   3.718e+10   2.362e+08   1.029e+08   5.255e+06 
524295   2.43e+10   9.786e+07   4.265e+07   5.93e+04 
364807   1.245e+11   6.528e+08   2.804e+08   5.883e+07 
348334   1.244e+11   5.333e+08   2.226e+08   7.142e+07 
278302   1.822e+11   9.065e+08   3.844e+08   7.904e+07 
501761   2.36e+10   8.97e+07   3.848e+07   6.259e+04 
517644   2.28e+10   1.003e+08   4.361e+07   1.202e+06 
543722   1.373e+10   1.481e+08   6.489e+07   1.943e+06 
372175   1.027e+11   6.079e+08   2.6e+08   4.089e+07 
287335   9.468e+10   1.086e+09   4.71e+08   5.843e+07 
437945   5.155e+10   4.041e+08   1.749e+08   2.387e+07 
456381   2.994e+10   1.757e+08   7.572e+07   6.482e+06 
481126   4.429e+10   1.591e+08   6.916e+07   3.203e+06 
485233   5.796e+10   1.813e+08   7.803e+07   8.697e+06 
447767   5.935e+10   2.235e+08   9.64e+07   7.982e+06 
471857   7.584e+10   2.077e+08   9.03e+07   1.414e+07 
478759   2.872e+10   2.305e+08   1.013e+08   5.792e+06 
204234   3.418e+11   2.428e+09   1.013e+09   2.568e+08 
394719   1.083e+11   3.6e+08   1.539e+08   3.224e+07 
298206   1.227e+11   5.822e+08   2.425e+08   8.57e+07 
409358   1.214e+11   3.626e+08   1.556e+08   1.609e+07 
518430   2.912e+10   1.699e+08   7.339e+07   3.911e+06 
242214   3.639e+11   1.889e+09   8.045e+08   1.962e+08 
516398   3.608e+10   1.251e+08   5.482e+07   1.323e+05 
532983   1.985e+10   8.611e+07   3.741e+07   1.614e+04 
439518   7.157e+10   2.253e+08   9.578e+07   6.482e+06 
347508   1.057e+11   5.241e+08   2.231e+08   5.733e+07 
331701   1.065e+11   6.218e+08   2.627e+08   7.187e+07 
293439   1.628e+11   1.159e+09   5.028e+08   7.51e+07 
378115   3.565e+10   3.344e+08   1.457e+08   1.555e+07 
415113   6.36e+10   3.636e+08   1.558e+08   2.898e+07 
449201   5.304e+10   2.161e+08   9.288e+07   1.505e+07 
399520   6.974e+10   4.835e+08   2.091e+08   2.647e+07 
344987   1.235e+11   7.755e+08   3.323e+08   6.189e+07 
335927   1.988e+11   9.5e+08   4.034e+08   7.25e+07 
535998   1.212e+10   7.983e+07   3.513e+07     6015 
461283   3.85e+10   1.347e+08   5.911e+07   1.909e+05 
376356   9.751e+10   6.78e+08   2.925e+08   3.017e+07 
585568   1.211e+10   1.072e+08   4.734e+07   5.561e+04 
357235   1.081e+11   5.099e+08   2.169e+08   3.448e+07 
446330   3.776e+10   1.71e+08   7.392e+07   3.439e+06 
511905   2.791e+10   1.985e+08   8.659e+07   4.756e+06 
521026   1.919e+10   1.24e+08   5.457e+07   2.663e+06 
455059   2.374e+10   1.981e+08   8.692e+07   5.156e+06 
457871   5.345e+10   2.596e+08   1.122e+08   1.659e+07 
438038   4.327e+10   3.56e+08   1.543e+08   2.112e+07 
487276   2.869e+10   1.043e+08   4.445e+07   1.473e+05 
466694   2.799e+10   1.865e+08   8.11e+07   6.308e+06 
543809    2e+10   8.872e+07   3.858e+07   2.787e+04 
490475   1.816e+10   1.188e+08   5.246e+07   7.948e+05 
445420   5.642e+10   3.235e+08   1.395e+08   2.358e+07 
344987   1.235e+11   7.755e+08   3.323e+08   6.189e+07 
420924   5.689e+10   3.976e+08   1.715e+08   2.356e+07 
530145   1.476e+10   8.588e+07   3.678e+07   1.238e+04 
548864   1.369e+10   9.791e+07   4.321e+07   2.371e+04 
529247   1.911e+10   1.016e+08   4.38e+07   7.139e+04 
389917   3.21e+10   2.603e+08   1.129e+08   1.208e+07 
381608   1.112e+11   6.858e+08   2.955e+08   5.02e+07 
519805   2.24e+10   2.221e+08   9.745e+07   6.776e+06 
375909   8.228e+10   6.269e+08   2.714e+08   3.868e+07 
289426   2.163e+11   1.161e+09   4.951e+08   9.205e+07 
360294   1.176e+11   6.155e+08   2.622e+08   4.279e+07 
458658   2.579e+10   1.75e+08   7.48e+07   7.185e+06 
368697   1.095e+11   6.372e+08   2.758e+08   2.515e+07 
496596   1.966e+10   2.08e+08   9.138e+07   4.371e+06 
565642   1.546e+10   1.141e+08   5.044e+07   7.822e+04 
497220   2.508e+10   1.568e+08   6.893e+07   4.53e+05 
483421   2.179e+10   1.277e+08   5.543e+07   3.736e+05 
548305   1.434e+10   1.271e+08   5.622e+07   1.855e+05 
530660   1.894e+10   8.856e+07   3.85e+07   4.838e+04 
523489   2.588e+10   1.468e+08   6.502e+07   3.098e+05 
476417   1.866e+10   1.158e+08   5.068e+07   9.109e+04 
490711   2.095e+10   1.197e+08   5.208e+07   3.193e+06 
394439   9.956e+10   3.385e+08   1.441e+08   2.897e+07 
365493   8.413e+10   5.11e+08   2.167e+08   4.024e+07 
423282   4.961e+10   3.832e+08   1.652e+08   1.72e+07 
334028   1.297e+11   5.096e+08   2.195e+08   2.851e+07 
441574   6.065e+10   4.101e+08   1.778e+08   1.677e+07 
567240   8.875e+09   7.712e+07   3.392e+07     7457 
551181   1.181e+10   5.839e+07   2.503e+07    900.8 
520067   2.981e+10   1.129e+08   4.913e+07   2.554e+06 
427532   6.258e+10   2.601e+08   1.097e+08   1.691e+07 
547427   1.828e+10   1.845e+08   8.154e+07   3.456e+06 
399267   5.292e+10   2.938e+08   1.253e+08   2.276e+07 
287335   9.468e+10   1.086e+09   4.71e+08   5.843e+07 
424725   9.035e+10   3.408e+08   1.467e+08   1.788e+07 
464894   5.595e+10   2.369e+08   1.026e+08   1.115e+07 
497220   2.508e+10   1.568e+08   6.893e+07   4.53e+05 
471951   1.785e+10   1.313e+08   5.757e+07   2.052e+05 
482169   3.285e+10   1.581e+08   6.849e+07   5.474e+06 
381832   6.296e+10   1.315e+08   5.703e+07   1.447e+06 
484818   4.031e+10   3.232e+08   1.42e+08   6.781e+06 
438297   5.186e+10   1.357e+08   5.955e+07   2.213e+05 
510059   2.354e+10   2.045e+08   8.813e+07   5.518e+06 
356176   1.399e+11   4.958e+08   2.131e+08   2.083e+07 
483693   3.929e+10   2.129e+08   9.175e+07   1.2e+07 
400266   9.75e+10   4.838e+08   2.087e+08   3.228e+07 
503322   3.433e+10   1.794e+08   7.8e+07   5.613e+06 
485095   2.25e+10   2.049e+08   8.917e+07   7.508e+06 
539114   2.065e+10   1.758e+08   7.723e+07   2.271e+06 
566822   2.043e+10   8.772e+07   3.866e+07   1.976e+04 
337843   6.438e+10   2.775e+08   1.165e+08   3.233e+07 
381608   1.112e+11   6.858e+08   2.955e+08   5.02e+07 
476232   3.128e+10   2.247e+08   9.709e+07   1.146e+07 
282377   2.15e+11   1.243e+09   5.294e+08   1.269e+08 
310985   1.635e+11   1.33e+09   5.701e+08   1.215e+08 
352816   1.367e+11   3.292e+08   1.374e+08   3.868e+07 
556215   1.32e+10   8.127e+07   3.577e+07     5876 
492710   2.357e+10   1.521e+08   6.677e+07   1.025e+06 
528107   1.953e+10   7.687e+07   3.328e+07     6508 
436003   4.396e+10   2.837e+08   1.23e+08   1.119e+07 
456921   4.677e+10   1.827e+08   7.954e+07   1.002e+07 
422662   2.953e+10   2.394e+08   1.036e+08   7.127e+06 
228680   3.077e+11   1.236e+09   5.249e+08   1.049e+08 
443746   6.679e+10   2.851e+08   1.202e+08   2.387e+07 
338148   1.008e+11   5.268e+08   2.219e+08   4.972e+07 
434152   4.04e+10   2.707e+08   1.177e+08   1.043e+07 
443097   3.714e+10   3.416e+08   1.505e+08   1.045e+07 
245134   2.166e+11   1.347e+09   5.724e+08   1.291e+08 
469315   3.561e+10   1.523e+08   6.64e+07   7.454e+05 
680194   1.558e+08        0        0        0 
639362   4.95e+08        0        0        0 
449733   3.891e+10   1.533e+08   6.628e+07   5.98e+06 
424152   7.421e+10   3.275e+08   1.404e+08   1.609e+07 
482117   3.367e+10   1.925e+08   8.335e+07   1.038e+07 
533931   1.829e+10   5.863e+07   2.513e+07     5838 
474979   3.233e+10   1.388e+08   5.987e+07   1.818e+05 
512569   1.16e+10   9.703e+07   4.228e+07   4.507e+04 
354240   5.562e+10   3.54e+08   1.522e+08   2.743e+07 
424362   4.564e+10   4.523e+08   1.963e+08   3.104e+07 
291113   6.194e+10   4.39e+08   1.877e+08   3.624e+07 
447042   4.627e+10   2.189e+08   9.455e+07   5.737e+06 
322160   1.712e+11   9.049e+08   3.875e+08   6.104e+07 
457169   6.462e+10   3.8e+08   1.666e+08   9.768e+06 
580578   1.243e+10   5.29e+07   2.31e+07    99.18 
539998   1.422e+10   1.01e+08   4.408e+07   3.148e+04 
518713   2.167e+10   1.021e+08   4.388e+07   1.211e+06 
247348   3.475e+11   2.142e+09   9.032e+08   2.59e+08 
175238   3.459e+11   2.009e+09   8.533e+08   2.311e+08 
321204   1.382e+11   7.625e+08   3.281e+08   6.128e+07 
404319   7.677e+10   2.232e+08   9.423e+07   2.306e+07 
406698   7.464e+10   1.83e+08   7.676e+07   1.304e+07 
418911   7.332e+10   2.331e+08   9.934e+07   1.599e+07 
490921   2.239e+10   1.925e+08   8.319e+07   6.826e+06 
486052   4.28e+10   1.69e+08   7.319e+07   7.305e+06 
454151   1.841e+10   1.563e+08   6.912e+07   1.642e+06 
371471   8.59e+10   4.969e+08   2.147e+08   1.937e+07 
465495   5.293e+10   1.801e+08   7.708e+07   1.27e+07 
419575   3.745e+10   2.612e+08   1.12e+08   2.022e+07 
467798   3.963e+10   1.643e+08   7.103e+07   2.488e+06 
245134   2.166e+11   1.347e+09   5.724e+08   1.291e+08 
389056   1.813e+11   4.532e+08   1.934e+08   2.732e+07 
432379   4.775e+10   2.039e+08   8.561e+07   1.763e+07 
330208   1.62e+11   1.065e+09   4.612e+08   6.068e+07 
405000   7.258e+10   2.008e+08   8.415e+07   1.321e+07 
555077   1.527e+10   5.732e+07   2.508e+07      900 
511095   1.668e+10   1.365e+08   5.938e+07   1.801e+05 
339547   1.172e+11   4.712e+08   2.01e+08   3.643e+07 
220558   1.889e+11   8.516e+08   3.604e+08   6.784e+07 
370003   7.46e+10   5.259e+08   2.253e+08   3.762e+07 
369789   1.272e+11   5.552e+08   2.389e+08   3.852e+07 
349414   1.823e+11   6.604e+08   2.811e+08   6.022e+07 
427745   7.373e+10   3.353e+08   1.435e+08   2.063e+07 
576439   1.236e+10   6.359e+07   2.788e+07     1315 
490843   1.624e+10   1.245e+08   5.506e+07   1.605e+05 
338458   1.783e+11   7.53e+08   3.235e+08   6.026e+07 
506653   2.506e+10   1.603e+08   6.986e+07   1.817e+06 
327822   1.018e+11   2.217e+08   9.126e+07   1.968e+07 
413608   6.993e+10   4.596e+08   1.989e+08   2.079e+07 
498984   3.926e+10   1.511e+08   6.564e+07   2.616e+06 
455479   4.893e+10   2.662e+08   1.14e+08   2.315e+07 
370782   4.227e+10   2.176e+08   9.228e+07   1.232e+07 
414146   4.56e+10   4.342e+08   1.866e+08   3.107e+07 
285479   2.899e+11   1.629e+09   6.974e+08   1.341e+08 
345456   5.896e+10   3.954e+08   1.68e+08   3.385e+07 
379320   7.926e+10   5.519e+08   2.397e+08   3.075e+07 
507130   2.356e+10   1.449e+08   6.351e+07   1.569e+06 
465614   3.777e+10   2.294e+08    1e+08   3.369e+06 
444728   3.455e+10   1.707e+08   7.245e+07   1.148e+07 
519650   1.921e+10   1.12e+08   4.898e+07   8.93e+04 
565675   1.259e+10   7.272e+07   3.143e+07   1.858e+04 
557180   1.311e+10   1.23e+08   5.386e+07   1.445e+05 
493751   2.894e+10   1.789e+08   7.79e+07   4.436e+06 
390305   1.054e+11   4.558e+08   1.966e+08   1.761e+07 
550248   1.467e+10   9.384e+07   4.139e+07   2.16e+04 
380475   5.737e+10   5.421e+08   2.354e+08   2.516e+07 
485365   4.321e+10   2.244e+08   9.645e+07   1.091e+07 
489016   2.892e+10   1.778e+08   7.777e+07   5.628e+06 
422831   4.694e+10   2.696e+08   1.14e+08   2.144e+07 
300568   6.835e+10   6.994e+08   3.013e+08   4.812e+07 
445515   6.274e+10   3.221e+08   1.387e+08   2.457e+07 
390305   1.054e+11   4.558e+08   1.966e+08   1.761e+07 
440024   2.582e+10   3.113e+08   1.36e+08   1.462e+07 
437121   5.35e+10   2.059e+08   8.788e+07   1.475e+07 
388249   9.073e+10   3.359e+08   1.436e+08   1.657e+07 
351071   5.425e+10   3.186e+08   1.328e+08   3.712e+07 
425605   6.325e+10   3.33e+08   1.422e+08   2.275e+07 
446253   4.711e+10   2.218e+08   9.489e+07   1.039e+07 
498203   3.165e+10   1.744e+08   7.561e+07   7.222e+06 
410140   6.713e+10   3.401e+08   1.469e+08   7.543e+06 
503432   2.54e+10   1.992e+08   8.712e+07   7.405e+06 
423110   2.44e+10   4.249e+08   1.836e+08   2.427e+07 
456725   5.744e+10   1.662e+08   7.184e+07   8.317e+06 
491026   2.734e+10   1.772e+08   7.668e+07   3.345e+06 
438669   3.178e+10   1.576e+08   6.843e+07   4.106e+06 
488500   2.691e+10   1.134e+08   4.853e+07   2.217e+04 
455479   4.893e+10   2.662e+08   1.14e+08   2.315e+07 
276219   2.043e+11   1.158e+09   4.918e+08   9.671e+07 
360916   4.229e+10   4.771e+08   2.063e+08   2.078e+07 
338458   1.783e+11   7.53e+08   3.235e+08   6.026e+07 
273994   1.503e+11   8.729e+08   3.689e+08   1.151e+08 
444184   8.492e+10   2.123e+08   9.052e+07   1.671e+07 
526848   2.069e+10   2.92e+08   1.286e+08   7.736e+06 
507096   4.106e+10   1.109e+08   4.902e+07   1.077e+05 
539954   2.676e+10   1.813e+08   7.959e+07   3.293e+06 
392961   1.427e+11   3.72e+08   1.583e+08   2.625e+07 
392852   8.007e+10   4.612e+08   2.01e+08   1.336e+07 
441327   5.82e+10   1.499e+08   6.526e+07   1.039e+06 
518299   1.75e+10   3.924e+07   1.7e+07        0 
518236   2.512e+10   4.781e+07   2.083e+07   1.459e+04 
476118   4.266e+10   1.981e+08   8.569e+07   6.672e+06 
146176   5.095e+11   2.341e+09   9.863e+08   3.138e+08 
234514   3.822e+11   2.398e+09   1.017e+09   2.544e+08 
353729   1.436e+11   7.082e+08   3.023e+08   6.528e+07 
322160   1.712e+11   9.049e+08   3.875e+08   6.104e+07 
369545   1.28e+11   2.881e+08   1.209e+08   2.462e+07 
424910   7.475e+10   2.631e+08   1.127e+08   1.703e+07 
633968   2.5e+09   1.562e+07   6.45e+06        0 
548808   8.169e+09   3.005e+07   1.237e+07    19.94 
583129   5.037e+09   2.294e+07   9.719e+06        0 
399520   6.974e+10   4.835e+08   2.091e+08   2.647e+07 
446549   3.29e+10   1.497e+08   6.522e+07   5.197e+05 
415497   4.486e+10   1.729e+08   7.49e+07   2.482e+06 
495934   3.434e+10   1.846e+08   7.952e+07   2.959e+06 
496113   2.531e+10   2.262e+08   9.831e+07   5.788e+06 
454074   4.228e+10   2.051e+08   8.923e+07   2.597e+06 
625059   2.905e+09   1.896e+07   7.94e+06        0 
588181   3.482e+09   2.563e+06   6.173e+05        0 
555033   5.6e+09   3.567e+07   1.488e+07        0 
296787   2.282e+11   9.547e+08   4.046e+08   1.189e+08 
161162   4.87e+11   2.742e+09   1.15e+09   4.277e+08 
191079   4.103e+11   2.115e+09   8.867e+08   2.874e+08 
526820   3.05e+10   5.762e+07   2.416e+07     9160 
450046   4.047e+10   1.991e+08   8.599e+07   3.16e+06 
538761   1.613e+10   1.466e+08   6.377e+07   1.119e+06 
569838   9.444e+09   3.655e+07   1.58e+07    380.2 
533426   8.905e+09   6.68e+07   2.931e+07        0 
505455   2.314e+10   8.396e+07   3.539e+07   1.906e+04 
727351   9.461e+07        0        0        0 
682905   1.542e+08        0        0        0 
665196   5.255e+08        0        0        0 
422831   4.694e+10   2.696e+08   1.14e+08   2.144e+07 
435309   7.693e+10   1.931e+08   8.338e+07   7.542e+06 
373699   6.407e+10   4.859e+08   2.102e+08   2.016e+07 
460692   4.416e+10   2.325e+08   1.013e+08   4.223e+06 
474231   4.877e+10   1.991e+08   8.499e+07   7.763e+06 
462904   2.95e+10   1.523e+08   6.662e+07   3.379e+06 
427314   4.523e+10   3.012e+08   1.31e+08   9.313e+06 
515543   2.3e+10   1.373e+08   6.003e+07   2.201e+06 
439078   2.898e+10   1.093e+08   4.724e+07   5.356e+04 
309951   1.185e+11   1.234e+09   5.301e+08   9.25e+07 
366792   6.732e+10   3.921e+08   1.706e+08   1.896e+07 
277020   1.743e+11   1.242e+09   5.261e+08   1.138e+08 
464936   2.633e+10   1.459e+08   6.252e+07   2.014e+05 
494771   3.545e+10   1.043e+08   4.485e+07   1.724e+06 
500632   2.573e+10   1.004e+08   4.275e+07   1.216e+04 
545630   1.341e+10   4.125e+07   1.79e+07    87.08 
455335   3.343e+10   1.14e+08   4.878e+07   1.296e+05 
550211   1.545e+10   6.373e+07   2.794e+07   1.236e+04 
475722   2.89e+10   1.6e+08   6.971e+07   1.806e+06 
523231   1.82e+10   7.759e+07   3.411e+07   1.92e+05 
479798   3.448e+10   1.738e+08   7.64e+07   1.873e+06 
585369   4.413e+10   3.975e+08   1.727e+08   2.173e+07 
297712   2.075e+11   1.213e+09   5.151e+08   1.095e+08 
372175   1.027e+11   6.079e+08   2.6e+08   4.089e+07 
499960   2.374e+10   8.861e+07   3.747e+07   6.669e+04 
553511   1.476e+10   1.441e+08   6.374e+07   1.113e+06 
441036   2.73e+10   1.988e+08   8.559e+07   5.972e+06 
473676   2.762e+10   1.54e+08   6.718e+07   5.267e+05 
519446   1.915e+10   1.349e+08   5.864e+07   3.116e+05 
355232   5.068e+10   2.504e+08   1.074e+08   1.782e+07 
415497   4.486e+10   1.729e+08   7.49e+07   2.482e+06 
460273   4.727e+10   2.385e+08   1.044e+08   5.781e+06 
494377   2.196e+10   1.479e+08   6.466e+07   3.456e+06 
584378   6.992e+09   3.383e+07   1.458e+07        0 
569163   6.421e+09   4.008e+07   1.737e+07     1037 
568362   7.601e+09   3.633e+07   1.517e+07        0 
426902   3.87e+10   3.864e+08   1.669e+08   2.473e+07 
492808   3.354e+10   2.973e+08   1.287e+08   1.324e+07 
420815   6.985e+10   2.326e+08   9.987e+07   8.636e+06 
481855   2.814e+10   1.502e+08   6.43e+07   1.515e+06 
515265   1.823e+10   1.069e+08   4.67e+07   1.022e+05 
559548   1.61e+10   7.906e+07   3.478e+07   2.761e+04 
475220   2.689e+10   1.691e+08   7.387e+07   7.624e+05 
430286   2.376e+10   8.725e+07   3.792e+07   2.009e+04 
442532   3.683e+10   1.51e+08   6.34e+07   3.521e+06 
374228   1.207e+11   5.958e+08   2.585e+08   3.395e+07 
480550   5.203e+10   1.654e+08   7.125e+07   5.252e+06 
475171   3.888e+10   2.422e+08   1.057e+08   9.325e+06 
603821   9.381e+09   7.29e+07   3.204e+07     4660 
551168   1.645e+10   6.789e+07   2.927e+07     9942 
547527   1.578e+10   8.433e+07   3.714e+07   1.485e+04 
474860   1.96e+10   1.582e+08   6.959e+07   3.656e+05 
541125   1.329e+10   1.101e+08   4.813e+07   5.571e+04 
482197   1.152e+10   5.526e+07   2.363e+07     1375 
458784   4.461e+10   2.869e+08   1.236e+08   1.391e+07 
389705   6.32e+10   1.756e+08   7.573e+07   5.896e+06 
343039   9.638e+10   7.864e+08   3.344e+08   6.822e+07 
535887   2.546e+10   8.152e+07   3.589e+07   4.166e+04 
487993   2.336e+10   1.743e+08   7.514e+07   6.196e+06 
518056   2.309e+10   1.301e+08   5.652e+07   1.873e+05 
510778   1.753e+10   5.064e+07   2.104e+07     1201 
552765   1.602e+10   8.811e+07   3.83e+07   4.94e+04 
552250   1.301e+10   1.123e+08   4.965e+07   7.347e+04 
512981   3.073e+10   1.722e+08   7.528e+07   5.725e+06 
473957   2.885e+10   2.531e+08   1.095e+08   1.467e+07 
424152   7.421e+10   3.275e+08   1.404e+08   1.609e+07 
257302   2.694e+11   1.415e+09   5.936e+08   1.705e+08 
225155   5.174e+11   2.957e+09   1.261e+09   3.465e+08 
172649   2.716e+11   1.973e+09   8.397e+08   1.948e+08 
321674   1.607e+11   7.536e+08   3.248e+08   5.534e+07 
348894   2.076e+11   6.149e+08   2.555e+08   8.077e+07 
306058   2.368e+11   5.874e+08   2.491e+08   3.752e+07 
399520   6.974e+10   4.835e+08   2.091e+08   2.647e+07 
381147   3.384e+10   3.368e+08   1.431e+08   2.093e+07 
471109   4.527e+10   1.472e+08   6.269e+07   4.054e+06 
384705   1.117e+11   4.439e+08   1.884e+08   2.453e+07 
379949   7.475e+10   6.462e+08   2.788e+08   3.492e+07 
392961   1.427e+11   3.72e+08   1.583e+08   2.625e+07 
511944   2.596e+10   1.638e+08   7.093e+07   1.261e+06 
512842   1.96e+10   1.106e+08   4.836e+07   3.713e+04 
553917   1.32e+10   7.326e+07   3.22e+07     2767 
536324   1.41e+10   3.703e+07   1.548e+07   2.677e+04 
353423   1.295e+11   6.585e+08   2.815e+08   4.197e+07 
557291   1.161e+10   2.284e+07   9.675e+06    313.2 
424485   9.479e+10   2.688e+08   1.13e+08   1.31e+07 
479264   3.659e+10   1.585e+08   6.917e+07   5.647e+05 
495515   2.809e+10   1.008e+08   4.397e+07   1.028e+05 
371471   8.59e+10   4.969e+08   2.147e+08   1.937e+07 
391869   6.989e+10   3.24e+08   1.373e+08   2.604e+07 
390859   6.735e+10   4.491e+08   1.926e+08   3.218e+07 
534285   1.47e+10   6.609e+07   2.846e+07     7824 
464669   2.296e+10   1.837e+08   7.922e+07   1.943e+06 
458447   3.973e+10   3.047e+08   1.335e+08   5.205e+06 
551168   1.645e+10   6.789e+07   2.927e+07     9942 
554610   1.412e+10   1.137e+08   5.026e+07   1.417e+05 
544116   1.627e+10   1.54e+08   6.761e+07   1.332e+06 
322160   1.712e+11   9.049e+08   3.875e+08   6.104e+07 
400089   6.156e+10   3.851e+08   1.654e+08   2.341e+07 
384355   8.761e+10   6.073e+08   2.629e+08   3.653e+07 
536048   1.43e+10   1.118e+08   4.941e+07   4.54e+04 
551168   1.645e+10   6.789e+07   2.927e+07     9942 
506244   2.15e+10   1.236e+08   5.415e+07   1.333e+05 
588239   9.94e+09   8.237e+07   3.627e+07   1.889e+04 
588670   9.58e+09   1.908e+07   7.993e+06    629.7 
516068   1.819e+10   1.389e+08   6.092e+07   9.075e+05 
367456   8.609e+10   5.17e+08   2.233e+08   2.821e+07 
358582   1.143e+11   4.113e+08   1.756e+08   3.883e+07 
386003   6.177e+10   1.959e+08   8.22e+07   1.617e+07 
505892   2.313e+10   1.585e+08   6.889e+07   3.15e+06 
478037   1.771e+10   8.992e+07   3.911e+07   5.304e+04 
529002   1.191e+10   8.771e+07   3.812e+07   4.071e+04 
439732   4.617e+10   4.114e+08   1.81e+08   2.253e+07 
466133   6.33e+10   2.064e+08   8.71e+07   1.889e+07 
291113   6.194e+10   4.39e+08   1.877e+08   3.624e+07 
524135   1.057e+10   3.022e+07   1.297e+07    53.69 
564817   9.293e+09   4.171e+07   1.81e+07     1812 
567060   8.792e+09   4.412e+07   1.918e+07        0 
467798   3.963e+10   1.643e+08   7.103e+07   2.488e+06 
457871   5.345e+10   2.596e+08   1.122e+08   1.659e+07 
440193   4.033e+10   2.192e+08   9.487e+07   9.274e+06 
502595   2.443e+10   1.408e+08   6.074e+07   3.504e+05 
529664   2.247e+10   1.293e+08   5.668e+07   1.256e+05 
508188   1.672e+10   4.498e+07   1.904e+07     4911 
462904   2.95e+10   1.523e+08   6.662e+07   3.379e+06 
485095   2.25e+10   2.049e+08   8.917e+07   7.508e+06 
411321   5.388e+10   1.795e+08   7.704e+07   1.048e+07 
293439   1.628e+11   1.159e+09   5.028e+08   7.51e+07 
445092   7.744e+10   1.936e+08   8.171e+07   1.607e+07 
372343   7.956e+10   6.031e+08   2.58e+08   3.496e+07 
468168   2.963e+10   1.664e+08   7.147e+07   2.315e+06 
508294   2.282e+10   9.659e+07   4.155e+07   7.026e+04 
444728   3.455e+10   1.707e+08   7.245e+07   1.148e+07 
416752   7.314e+10   2.869e+08   1.217e+08   1.198e+07 
456114   3.019e+10   3.265e+08   1.423e+08   1.401e+07 
462564   6.059e+10   1.545e+08   6.638e+07   5.242e+06 
543821   1.104e+10   7.736e+07   3.297e+07   1.157e+04 
580629   1.033e+10   7.159e+07   3.145e+07     8862 
462987   1.693e+10   4.804e+07   2.041e+07    221.7 
397866   3.415e+10   4.274e+08   1.847e+08   2.027e+07 
378526   5.702e+10   5.536e+08   2.42e+08   2.585e+07 
424152   7.421e+10   3.275e+08   1.404e+08   1.609e+07 
532912   2.001e+10   1.204e+08   5.325e+07   1.343e+05 
511327   1.219e+10   9.685e+07   4.268e+07   5.636e+05 
454796   1.298e+10   1.171e+08   5.178e+07   1.299e+05 
541649   9.555e+09   4.972e+07   2.115e+07      622 
520040   1.825e+10   9.655e+07   4.207e+07   3.654e+04 
565159   1.134e+10   1.664e+07   6.907e+06        0 
380934   8.196e+10   4.543e+08   1.971e+08   2.625e+07 
273141   1.576e+11   8.05e+08   3.384e+08   9.011e+07 
413091   1.189e+11   2.389e+08   9.842e+07   3.022e+07 
531900   1.526e+10   1.506e+08   6.485e+07   2.973e+06 
438167   5.067e+10   2.228e+08   9.576e+07   5.859e+06 
532939   1.784e+10   1.399e+08   6.178e+07   1.702e+06 
433537   3.796e+10   3.239e+08   1.391e+08   1.844e+07 
392961   1.427e+11   3.72e+08   1.583e+08   2.625e+07 
413364   2.755e+10   2.588e+08   1.113e+08   1.623e+07 
446330   3.776e+10   1.71e+08   7.392e+07   3.439e+06 
503503   3.258e+10   1.066e+08   4.602e+07   5.702e+04 
391081   9.413e+10   3.415e+08   1.476e+08   1.819e+07 
375020   1.386e+11   7.195e+08   3.117e+08   3.377e+07 
489901   3.888e+10   1.557e+08   6.765e+07   3.194e+06 
411154   3.591e+10   2.917e+08   1.234e+08   2.707e+07 
537690   2.239e+10   1.314e+08   5.729e+07   3.38e+06 
507070   2.746e+10   1.326e+08   5.799e+07   1.906e+06 
514361   1.838e+10   1.794e+08   7.797e+07   5.47e+06 
482169   3.285e+10   1.581e+08   6.849e+07   5.474e+06 
431106   4.865e+10   2.482e+08   1.052e+08   1.963e+07 
493437   3.008e+10   1.302e+08   5.704e+07   6.332e+05 
451807   5.501e+10   2.037e+08   8.827e+07   6.2e+06 
401328   4.382e+10   1.913e+08   8.217e+07   6.294e+06 
511980   2.374e+10   1.6e+08   6.93e+07   5.505e+06 
500922   2.628e+10   1.007e+08   4.339e+07   2.626e+04 
544005   1.712e+10   8.193e+07   3.502e+07   1.77e+04 
552950   1.598e+10   6.697e+07   2.832e+07   1.631e+05 
413608   6.993e+10   4.596e+08   1.989e+08   2.079e+07 
541578   2.728e+10   1.426e+08   6.313e+07   2.923e+05 
470884   2.178e+10   2.233e+08   9.725e+07   9.139e+06 
504177   1.713e+10   8.787e+07   3.767e+07     8859 
535662   1.618e+10   7.688e+07   3.329e+07   1.413e+04 
505860   2.549e+10   1.061e+08   4.636e+07   3.121e+04 
544694   2.237e+10   8.722e+07   3.843e+07   3.481e+04 
506313   2.798e+10   1.606e+08   7.063e+07   6.748e+05 
481300   2.919e+10   1.36e+08   5.861e+07   3.995e+05 
517812   1.331e+10   7.441e+07   3.218e+07     4211 
602766   6.111e+09   3.622e+07   1.565e+07    190.3 
612255   5.674e+09   4.037e+07   1.751e+07    221.3 
470252   3.111e+10   2.076e+08   8.908e+07   1.515e+07 
491225   3.2e+10   1.811e+08   7.885e+07   4.494e+06 
406878   3.515e+10   2.257e+08   9.635e+07   1.316e+07 
534795   1.939e+10   7.22e+07   3.12e+07     8483 
476487   3.313e+10   1.075e+08   4.687e+07   1.012e+06 
480989   2.593e+10   1.616e+08   7.004e+07   4.017e+05 
496113   2.531e+10   2.262e+08   9.831e+07   5.788e+06 
501112   1.732e+10   1.981e+08   8.67e+07   7.461e+06 
371704   1.425e+11   5.569e+08   2.353e+08   5.544e+07 
524789   2.07e+10   1.145e+08   4.956e+07   1.033e+05 
475542   3.133e+10   1.345e+08   5.806e+07   4.177e+06 
538406   2.105e+10   1.588e+08   7.021e+07   2.08e+06 
664012   1.09e+09   2.373e+06   5.325e+05        0 
636815   5.928e+08        0        0        0 
677300   1.131e+09   2.076e+06   3.999e+05        0 
484506   1.265e+10   7.833e+07   3.446e+07   2.32e+04 
494326   2.84e+10   1.219e+08   5.27e+07   1.875e+06 
428289   3.896e+10   1.793e+08   7.667e+07   2.523e+06 
541607   1.48e+10   7.327e+07   3.22e+07     4566 
522394   1.709e+10   1.03e+08   4.495e+07   1.028e+05 
557804   1.181e+10   3.914e+07   1.695e+07   2.443e+04 
540513   1.977e+10   8.614e+07   3.742e+07   1.664e+04 
531429   1.125e+10   9.034e+07   3.93e+07   1.849e+04 
527787   1.256e+10   1.032e+08   4.506e+07   4.537e+04 
543333   6.645e+09   4.901e+07   2.137e+07    160.1 
520152   1.09e+10   3.717e+07   1.555e+07    41.87 
605252   6.671e+09   3.86e+07   1.671e+07    339.3 
401192   9.297e+10   2.415e+08   1.023e+08   1.953e+07 
443746   6.679e+10   2.851e+08   1.202e+08   2.387e+07 
436642   4.987e+10   3.449e+08   1.463e+08   2.984e+07 
509491   2.366e+10   1.024e+08   4.468e+07   2.039e+04 
498171   2.32e+10   1.635e+08   7.109e+07   3.458e+06 
467871   4.345e+10   1.043e+08   4.342e+07   1.3e+05 
640754   1.761e+09   7.502e+06   2.824e+06        0 
631926   1.494e+09   6.912e+06   2.56e+06        0 
656099   1.633e+09   1.53e+06   1.56e+05        0 
282377   2.15e+11   1.243e+09   5.294e+08   1.269e+08 
353423   1.295e+11   6.585e+08   2.815e+08   4.197e+07 
259114   9.993e+10   9.465e+08   4.085e+08   7.415e+07 
401328   4.382e+10   1.913e+08   8.217e+07   6.294e+06 
446682   3.44e+10   1.888e+08   8.189e+07   8.593e+06 
412912   3.444e+10   2.17e+08   9.304e+07   7.292e+06 
518056   2.309e+10   1.301e+08   5.652e+07   1.873e+05 
504000   2.41e+10   1.762e+08   7.588e+07   7.177e+06 
537743   2.249e+10   1.057e+08   4.668e+07   1.435e+05 
469204   2.598e+10   1.264e+08   5.48e+07   6.412e+05 
535279   1.576e+10   1.559e+08   6.833e+07   2.591e+06 
471006   3.547e+10   1.22e+08   5.343e+07   1.375e+05 
552431   1.026e+10   3.881e+07   1.681e+07    375.5 
488663   9.453e+09   4.588e+07   1.997e+07    404.2 
505067   1.459e+10   1.407e+08   6.125e+07   1.834e+05 
542719   1.219e+10   1.084e+08   4.735e+07   5.052e+04 
349414   1.823e+11   6.604e+08   2.811e+08   6.022e+07 
533931   1.829e+10   5.863e+07   2.513e+07     5838 
511127   1.613e+10   9.714e+07   4.286e+07   1.926e+04 
473055   2.727e+10   1.196e+08   5.235e+07   1.156e+05 
544116   1.627e+10   1.54e+08   6.761e+07   1.332e+06 
560692   1.097e+10   6.792e+07   2.981e+07   1.193e+04 
566892   8.744e+09   5.211e+07   2.275e+07     1933 
472457   3.753e+10   1.578e+08   6.726e+07   5.194e+05 
466387   6.655e+10   1.863e+08   7.959e+07   4.6e+06 
562333   1.956e+10   1.417e+08   6.263e+07   1.059e+06 
479264   3.659e+10   1.585e+08   6.917e+07   5.647e+05 
457086   2.127e+10   1.043e+08   4.553e+07   9.873e+04 
557749   1.821e+10   1.214e+08   5.371e+07    1e+05 
480931   2.459e+10   1.61e+08   7.024e+07   1.023e+06 
523129   2.452e+10   8.604e+07   3.682e+07   3.557e+05 
495389   2.091e+10   1.557e+08   6.766e+07   3.026e+06 
518614   2.568e+10   1.698e+08   7.451e+07   3.014e+06 
510085   2.078e+10   1.177e+08   5.204e+07   1.079e+05 
469315   3.561e+10   1.523e+08   6.64e+07   7.454e+05 
552541   1.806e+10   6.901e+07   2.924e+07   1.569e+04 
408764   5.366e+10   5.001e+08   2.16e+08   3.68e+07 
367688   6.343e+10   4.34e+08   1.863e+08   2.813e+07 
437239   6.146e+10   2.134e+08   9.261e+07   5.94e+06 
511600   2.191e+10   1.449e+08   6.411e+07   9.806e+05 
506753   2.425e+10   1.333e+08   5.79e+07   4.232e+05 
367929   3.527e+10   1.384e+08   5.982e+07   4.142e+06 
412199   6.755e+10   3.248e+08   1.396e+08   2.332e+07 
448021   8.254e+10   2.14e+08   9.181e+07   1.684e+07 
414549   9.068e+10   3.815e+08   1.656e+08   2.135e+07 
556458   1.161e+10   8.207e+07   3.613e+07   1.164e+04 
549641   1.612e+10   7.252e+07   3.134e+07     6917 
556715   1.439e+10   1.164e+08   5.145e+07   9.924e+04 
576653   1.034e+10   1.546e+07   6.379e+06        0 
562905   8.402e+09   5.922e+07   2.593e+07     3740 
569149   1.018e+10   4.852e+07   2.114e+07    171.5 
516606   1.632e+10   6.533e+07   2.813e+07    793.2 
561729   1.163e+10   3.9e+07   1.69e+07    308.4 
556407   1.387e+10   3.994e+07   1.732e+07    261.4 
382684   7.168e+10   6.693e+08   2.883e+08   3.24e+07 
273141   1.576e+11   8.05e+08   3.384e+08   9.011e+07 
392961   1.427e+11   3.72e+08   1.583e+08   2.625e+07 
576792   1.035e+10   9.187e+07   4.051e+07     8140 
498462   1.539e+10   5.808e+07   2.542e+07     1912 
560301   1.114e+10   6.741e+07   2.958e+07     6918 
325335   6.889e+10   6.402e+08   2.781e+08   3.176e+07 
263558   9.64e+10   5.602e+08   2.399e+08   4.018e+07 
374593   1.039e+11   7.927e+08   3.432e+08   4.356e+07 
359811   8.415e+10   1.007e+09   4.35e+08   4.774e+07 
368436   1.614e+11   2.349e+08   9.832e+07   1.84e+07 
347785   1.012e+11   3.698e+08   1.572e+08   2.154e+07 
551318   2.08e+10   6.505e+07   2.853e+07     3498 
497498   1.754e+10   9.556e+07   4.11e+07   5.558e+04 
561689   1.413e+10   1.027e+08   4.536e+07   2.706e+04 
493859   2.365e+10   1.618e+08   6.975e+07   4.078e+06 
537743   2.249e+10   1.057e+08   4.668e+07   1.435e+05 
507361   2.409e+10   1.635e+08   7.064e+07   2.902e+06 
234514   3.822e+11   2.398e+09   1.017e+09   2.544e+08 
306058   2.368e+11   5.874e+08   2.491e+08   3.752e+07 
327112   1.816e+11   8.806e+08   3.762e+08   7.091e+07 
335927   1.988e+11   9.5e+08   4.034e+08   7.25e+07 
444184   8.492e+10   2.123e+08   9.052e+07   1.671e+07 
295674   8.992e+10   6.917e+08   2.963e+08   5.8e+07 
587338   1.064e+10   5.569e+07   2.435e+07     1840 
558656   1.285e+10   5.8e+07   2.485e+07     3967 
505067   1.459e+10   1.407e+08   6.125e+07   1.834e+05 
584320   5.562e+09   3.751e+07   1.57e+07    111.2 
551091   1.469e+10   1.097e+08   4.792e+07   9.866e+04 
581405   5.379e+09   2.517e+07   1.072e+07        0 
522003   8.854e+09   5.412e+07   2.365e+07     1420 
571787   8.426e+09   3.992e+07   1.73e+07    13.99 
574776   7.492e+09   5.345e+07   2.335e+07     2490 
549920   8.519e+09   4.679e+07   2.037e+07     3604 
514047   1.106e+10   5.289e+07   2.204e+07    597.2 
494423   1.567e+10   1.073e+08   4.685e+07   5.384e+04 
445658   5.023e+10   3.343e+08   1.452e+08   1.009e+07 
511875   2.674e+10   1.444e+08   6.249e+07   4.435e+06 
462904   2.95e+10   1.523e+08   6.662e+07   3.379e+06 
403910   7.57e+10   4.206e+08   1.818e+08   2.35e+07 
464110   3.487e+10   2.693e+08   1.172e+08   9.58e+06 
431635   5.724e+10   2.126e+08   9.188e+07   9.859e+06 
555734   9.684e+09   5.361e+07   2.342e+07     1343 
510495   1.57e+10   6.013e+07   2.581e+07     3584 
575603   9.337e+09   4.185e+07   1.817e+07    84.39 
158847   3.684e+11   2.637e+09   1.086e+09   4.287e+08 
265267   3.272e+11   1.532e+09   6.395e+08   2.325e+08 
268295   3.172e+11   1.987e+09   8.517e+08   1.409e+08 
495442   3.763e+10   1.121e+08   4.834e+07   1.585e+06 
547427   1.828e+10   1.845e+08   8.154e+07   3.456e+06 
519428   2.636e+10   1.517e+08   6.713e+07   9.376e+05 
506207   3.184e+10   1.272e+08   5.399e+07   1.754e+06 
557201   1.793e+10   9.076e+07   3.948e+07   1.675e+04 
509689   1.719e+10   4.619e+07   1.955e+07   2.538e+05 
409475   5.942e+10   2.12e+08   8.874e+07   1.754e+07 
424910   7.475e+10   2.631e+08   1.127e+08   1.703e+07 
264414   1.107e+11   2.442e+08   1.03e+08   2.389e+07 
555051   9.401e+09   7.26e+07   3.19e+07   1.231e+04 
547655   1.113e+10   9.065e+07   3.943e+07   2.11e+04 
588209   9.274e+09   1.237e+07   4.47e+06        0 
465016   1.833e+10   1.456e+08   6.342e+07   6.016e+05 
472457   3.753e+10   1.578e+08   6.726e+07   5.194e+05 
535220   1.641e+10   5.076e+07   2.109e+07     4123 
562913   1.15e+10   7.333e+07   3.223e+07     7779 
567578   1.162e+10   6.599e+07   2.842e+07   1.106e+04 
482435   3.045e+10   1.393e+08   5.903e+07   1.686e+05 
448269   4.124e+10   1.86e+08   8.028e+07   1.734e+06 
500398   2.242e+10   1.645e+08   7.208e+07   3.371e+06 
474271   3.03e+10   7.544e+07   3.209e+07   2.741e+05 
534712   1.384e+10   7.465e+07   3.229e+07   1.154e+04 
451961   4.19e+10   1.977e+08   8.604e+07   1.707e+06 
544849   1.01e+10   7.68e+07   3.325e+07     3904 
474377   3.029e+10   1.732e+08   7.555e+07   2.5e+06 
466694   2.799e+10   1.865e+08   8.11e+07   6.308e+06 
441857   3.175e+10   1.636e+08   7.195e+07   8.335e+05 
580629   1.033e+10   7.159e+07   3.145e+07     8862 
528598   1.336e+10   7.397e+07   3.199e+07   1.137e+04 
506106   1.908e+10   1.418e+08   6.117e+07   3.733e+05 
513760   2.531e+10   6.311e+07   2.713e+07     9483 
513186   2.69e+10   1.132e+08   4.95e+07   3.414e+04 
559782   1.848e+10   1.445e+08   6.385e+07   1.154e+06 
270963   1.742e+11   6.088e+08   2.614e+08   4.738e+07 
258264   1.851e+11   6.755e+08   2.87e+08   7.929e+07 
273994   1.503e+11   8.729e+08   3.689e+08   1.151e+08 
568920   9.932e+09   7.409e+07   3.257e+07     3420 
530075   1.142e+10   6.088e+07   2.614e+07     1796 
511542   1.752e+10   1.224e+08   5.2e+07   1.615e+05 
348593   8.321e+10   6.452e+08   2.747e+08   5.051e+07 
420059   5.625e+10   3.823e+08   1.652e+08   2.871e+07 
433656   7.534e+10   5.758e+08   2.509e+08   3.048e+07 
432130   7.388e+10   3.312e+08   1.438e+08   1.513e+07 
417581   6.463e+10   3.195e+08   1.361e+08   1.277e+07 
409761   8.667e+10   2.775e+08   1.173e+08   1.927e+07 
486875   3.761e+10   1.411e+08   6.178e+07   2.079e+06 
486124   3.671e+10   2.203e+08   9.527e+07   1.027e+07 
489016   2.892e+10   1.778e+08   7.777e+07   5.628e+06 
556715   1.439e+10   1.164e+08   5.145e+07   9.924e+04 
548446   1.707e+10   1.357e+08   5.956e+07   1.987e+05 
565654   1.23e+10   1.021e+08   4.448e+07   5.449e+05 
527508   1.931e+10   7.839e+07   3.449e+07     2305 
450126   4.44e+10   2.586e+08   1.11e+08   2.917e+06 
479002   2.119e+10   1.304e+08   5.716e+07   5.178e+05 
451323   5.083e+10   2.053e+08   8.676e+07   7.043e+06 
356176   1.399e+11   4.958e+08   2.131e+08   2.083e+07 
452357   5.047e+10   1.543e+08   6.783e+07   5.661e+05 
465764   1.708e+10   1.141e+08   4.884e+07   2.433e+05 
498520   2.434e+10   5.907e+07   2.48e+07     5669 
480345   3.821e+10   1.614e+08   7.027e+07   2.52e+06 
539328   1.425e+10   9.13e+07   3.972e+07   3.683e+04 
462323   2.335e+10   1.072e+08   4.628e+07   1.165e+05 
563783   1.197e+10   6.633e+07   2.91e+07   3.349e+04 
170540   5.076e+11   2.854e+09   1.199e+09   3.176e+08 
254925   3.383e+11   1.734e+09   7.284e+08   2.03e+08 
108012   3.744e+11   2.019e+09   8.576e+08   2.274e+08 
538535   2.899e+10   1.223e+08   5.399e+07   9.889e+05 
481653   2.323e+10   2.144e+08   9.38e+07   8.547e+06 
457452   3.898e+10   3.172e+08   1.385e+08   9.824e+06 
305083   1.195e+11   8.812e+08   3.731e+08   8.432e+07 
359086   6.326e+10   4.695e+08   1.943e+08   7.023e+07 
337843   6.438e+10   2.775e+08   1.165e+08   3.233e+07 
441494   2.475e+10   3.411e+08   1.475e+08   2.168e+07 
395883   3.081e+10   1.424e+08   5.954e+07   9.222e+06 
552272   2.208e+10   1.361e+08   6.011e+07   1.277e+06 
480345   3.821e+10   1.614e+08   7.027e+07   2.52e+06 
515887   2.124e+10   1.712e+08   7.521e+07   2.057e+06 
506174   1.646e+10   1.418e+08   6.277e+07   3.03e+05 
443498   4.718e+10   3.457e+08   1.496e+08   1.167e+07 
463804   2.588e+10   2.216e+08   9.522e+07   1.1e+07 
522908   2.377e+10   1.869e+08   8.168e+07   7.219e+06 
490661   3.381e+10   2.141e+08   9.339e+07   6.203e+06 
442532   3.683e+10   1.51e+08   6.34e+07   3.521e+06 
464742   4.522e+10   1.814e+08   7.866e+07   2.737e+06 
206226   6.793e+11   3.255e+09   1.365e+09   4.126e+08 
214452   3.443e+11   2.071e+09   8.796e+08   1.924e+08 
194947   3.741e+11   2.726e+09   1.165e+09   2.618e+08 
555051   9.401e+09   7.26e+07   3.19e+07   1.231e+04 
552840   1.087e+10   6.225e+07   2.728e+07     5503 
525108   9.99e+09   5.142e+07   2.192e+07    334.6 
462564   6.059e+10   1.545e+08   6.638e+07   5.242e+06 
420815   6.985e+10   2.326e+08   9.987e+07   8.636e+06 
475171   3.888e+10   2.422e+08   1.057e+08   9.325e+06 
502279   1.94e+10   7.48e+07   3.183e+07   3.835e+04 
467628   2.596e+10   1.398e+08   6.028e+07   4.34e+05 
490418   3.293e+10   9.028e+07   3.821e+07   4.856e+04 
526718   1.291e+10   5.208e+07   2.221e+07    738.7 
551181   1.181e+10   5.839e+07   2.503e+07    900.8 
548458   1.388e+10   5.524e+07   2.362e+07     2258 
480391   3.875e+10   1.778e+08   7.723e+07   6.047e+06 
411154   3.591e+10   2.917e+08   1.234e+08   2.707e+07 
460434   2.934e+10   1.912e+08   8.138e+07   1.384e+07 
319145   1.083e+11   5.964e+08   2.588e+08   2.312e+07 
405568   5.639e+10   4.708e+08   2.048e+08   2.319e+07 
376544   6.234e+10   2.221e+08   9.676e+07   3.492e+06 
424910   7.475e+10   2.631e+08   1.127e+08   1.703e+07 
441574   6.065e+10   4.101e+08   1.778e+08   1.677e+07 
349135   6.615e+10   6.36e+08   2.75e+08   3.315e+07 
552509   1.618e+10   6.371e+07   2.793e+07     1011 
469377   3.718e+10   2.706e+08   1.182e+08   5.505e+06 
558583   1.209e+10   9.96e+07   4.396e+07   2.885e+04 
481653   2.323e+10   2.144e+08   9.38e+07   8.547e+06 
457452   3.898e+10   3.172e+08   1.385e+08   9.824e+06 
538535   2.899e+10   1.223e+08   5.399e+07   9.889e+05 
324572   8.887e+10   1.014e+09   4.396e+08   6.958e+07 
369789   1.272e+11   5.552e+08   2.389e+08   3.852e+07 
340355   1.262e+11   1.264e+09   5.494e+08   6.15e+07 
114388   5.544e+11   2.084e+09   8.623e+08   3.329e+08 
199321   5.531e+11   3.885e+09   1.638e+09   4.979e+08 
125027   5.839e+11   3.032e+09   1.274e+09   4.203e+08 
515318   3.93e+10   1.782e+08   7.703e+07   9.982e+06 
405882   2.904e+10   2.353e+08   1.012e+08   1.224e+07 
507096   4.106e+10   1.109e+08   4.902e+07   1.077e+05 
487651   3.122e+10   1.398e+08   6.137e+07   3.737e+05 
477474   3.429e+10   1.867e+08   7.993e+07   2.954e+06 
448269   4.124e+10   1.86e+08   8.028e+07   1.734e+06 
413747   4.131e+10   1.983e+08   8.662e+07   9.108e+06 
455258   4.773e+10   2.073e+08   8.896e+07   9.84e+06 
467385   3.881e+10   2.113e+08   9.118e+07   1.071e+07 
535240   1.535e+10   1.202e+08   5.315e+07   1.166e+05 
543560   1.776e+10   7.044e+07   3.041e+07     4596 
526245   1.414e+10   8.837e+07   3.895e+07     9205 
506903   2.235e+10   1.11e+08   4.852e+07   1.608e+05 
592390   1.17e+10   4.497e+07   1.956e+07    337.6 
554687   1.65e+10   3.977e+07   1.671e+07        0 
485544   1.366e+09        0        0        0 
512755   7.153e+09   6.926e+07   3.041e+07     6003 
574649   5.547e+09   5.022e+07   2.19e+07    422.3 
439518   7.157e+10   2.253e+08   9.578e+07   6.482e+06 
429678   4.082e+10   1.876e+08   8.176e+07   9.911e+06 
523639   3.322e+10   1.712e+08   7.462e+07   7.642e+06 
531737   1.512e+10   5.865e+07   2.515e+07     1394 
523364   2.126e+10   5.345e+07   2.282e+07    328.8 
502380   1.249e+10   8.74e+07   3.851e+07   2.722e+04 
351452   8.813e+10   2.608e+08   1.106e+08   1.123e+07 
407204   8.576e+10   3.824e+08   1.628e+08   3.734e+07 
403787   9.03e+10   4.62e+08   1.99e+08   3.119e+07 
592877   7.909e+09   3.222e+07   1.386e+07        0 
586724   6.984e+09   3.356e+07   1.446e+07    120.8 
576898   9.616e+09   3.669e+07   1.586e+07        0 
390465   6.582e+10   3.069e+08   1.318e+08   2.182e+07 
390859   6.735e+10   4.491e+08   1.926e+08   3.218e+07 
449651   7.252e+10   2.033e+08   8.694e+07   1.195e+07 
520132   2.083e+10   5.708e+07   2.391e+07     4952 
554650   1.299e+10   1.036e+08   4.521e+07   5.255e+04 
539170   1.274e+10   3.578e+07   1.546e+07    33.65 
476892   3.471e+10   2.074e+08   9.047e+07   6.008e+06 
503636   2.591e+10   1.706e+08   7.48e+07   3.392e+06 
542463   2.278e+10   5.697e+07   2.491e+07   1.244e+05 
559548   1.61e+10   7.906e+07   3.478e+07   2.761e+04 
563712   1.122e+10   1.363e+08   6.025e+07   8.779e+05 
558864   1.738e+10   1.173e+08   5.134e+07   2.222e+05 
556784   1.314e+10   6.733e+07   2.955e+07     1446 
549108   1.261e+10   1.825e+07   7.097e+06        0 
509521   1.48e+10   6.769e+07   2.865e+07     7115 
562333   1.956e+10   1.417e+08   6.263e+07   1.059e+06 
463139   2.469e+10   1.576e+08   6.851e+07   3.305e+06 
545936   1.638e+10   1.82e+08   8.048e+07   2.67e+06 
477677   2.062e+10   6.518e+07   2.753e+07     1345 
550878   9.732e+09   4.765e+07   2.076e+07    493.5 
477564   2.277e+10   1.477e+08   6.383e+07   2.805e+05 
520649   2.545e+10   1.018e+08   4.44e+07   7.835e+04 
468817   3.718e+10   2.362e+08   1.029e+08   5.255e+06 
491520   2.667e+10   1.746e+08   7.564e+07   2.387e+06 
304201   2.895e+11   1.02e+09   4.332e+08   1.019e+08 
231707   2.508e+11   7.71e+08   3.224e+08   1.097e+08 
303710   2.166e+11   6.621e+08   2.781e+08   6.633e+07 
512366   1.366e+10   4.383e+07   1.905e+07    535.3 
561492   1.536e+10   7.731e+07   3.4e+07   1.157e+04 
520132   2.083e+10   5.708e+07   2.391e+07     4952 
298206   1.227e+11   5.822e+08   2.425e+08   8.57e+07 
244318   2.763e+11   1.853e+09   7.927e+08   1.642e+08 
272322   1.097e+11   1.045e+09   4.455e+08   7.007e+07 
674145   1.473e+08        0        0        0 
763762   1.024e+08        0        0        0 
737916   1.7e+08        0        0        0 
497258   2.796e+10   1.375e+08   5.98e+07   2.9e+05 
523958   2.477e+10   1.539e+08   6.768e+07   2.928e+05 
548053   2.107e+10   7.982e+07   3.513e+07   1.435e+04 
525634   3.571e+10   1.339e+08   5.858e+07   1.834e+06 
389917   3.21e+10   2.603e+08   1.129e+08   1.208e+07 
380475   5.737e+10   5.421e+08   2.354e+08   2.516e+07 
501244   2.094e+10   1.716e+08   7.419e+07   3.391e+06 
521026   1.919e+10   1.24e+08   5.457e+07   2.663e+06 
490195   2.934e+10   1.747e+08   7.603e+07   4.07e+06 
525252   1.808e+10   1.041e+08   4.49e+07   8.061e+04 
566241   1.402e+10   2.921e+07   1.252e+07     8116 
511787   2.122e+10   9.776e+07   4.209e+07   1.966e+04 
537403   1.471e+10   5.048e+07   2.149e+07     4783 
525541   1.625e+10   6.763e+07   2.916e+07     1097 
554768   1.221e+10   4.468e+07   1.89e+07    229.7 
510912   2.506e+10   2.341e+08   1.025e+08   4.899e+06 
463453   4.032e+10   1.889e+08   8.066e+07   5.47e+06 
484944   3.613e+10   1.715e+08   7.492e+07   6.376e+06 
447236   3.371e+10   1.604e+08   7.009e+07   5.14e+06 
463958   3.476e+10   1.445e+08   6.286e+07   1.02e+06 
525937   2.503e+10   1.757e+08   7.698e+07   4.19e+06 
532340   1.395e+10   5.948e+07   2.551e+07   1.527e+04 
560119   1.181e+10   4.166e+07   1.808e+07    116.8 
527891   2.157e+10   5.841e+07   2.398e+07     2101 
248157   2.293e+11   1.502e+09   6.455e+08   1.099e+08 
320433   1.982e+11   1.142e+09   4.91e+08   9.177e+07 
286066   1.598e+11   7.797e+08   3.259e+08   1.13e+08 
480441   3.248e+10   1.038e+08   4.426e+07   1.467e+04 
496757   1.815e+10   1.348e+08   5.916e+07   1.57e+05 
512247   1.502e+10   1.935e+08   8.445e+07   3.405e+06 
413091   1.189e+11   2.389e+08   9.842e+07   3.022e+07 
307438   1.293e+11   1.279e+09   5.537e+08   9.161e+07 
320012   1.439e+11   1.1e+09   4.745e+08   8.042e+07 
530121   2.044e+10   9.101e+07   3.959e+07   5.494e+04 
530353   1.733e+10   9.701e+07   4.28e+07   4.48e+04 
479117   2.716e+10   1.037e+08   4.42e+07   4.375e+04 
544827   1.105e+10   6.661e+07   2.923e+07     6823 
568862   9.401e+09   6.877e+07   3.019e+07     4138 
567845   8.891e+09   7.399e+07   3.252e+07     8309 
353729   1.436e+11   7.082e+08   3.023e+08   6.528e+07 
363981   1.604e+11   7.039e+08   3.035e+08   4.604e+07 
323455   1.578e+11   1.005e+09   4.32e+08   8.044e+07 
519428   2.636e+10   1.517e+08   6.713e+07   9.376e+05 
501244   2.094e+10   1.716e+08   7.419e+07   3.391e+06 
496369   3.199e+10   1.279e+08   5.57e+07   3.854e+06 
566607   7.688e+09   3.194e+07   1.374e+07        0 
539618   9.136e+09   3.365e+07   1.45e+07        0 
572148   8.46e+09   4.45e+07   1.935e+07      338 
476362   2.779e+10   6.503e+07   2.799e+07   3.247e+04 
450767   4.739e+10   2.91e+08   1.274e+08   5.335e+06 
497529   3.726e+10   2.52e+08   1.095e+08   4.232e+06 
281072   2.752e+11   1.915e+09   8.115e+08   1.82e+08 
217485   2.553e+11   1.06e+09   4.374e+08   1.702e+08 
222267   3.143e+11   1.372e+09   5.709e+08   1.708e+08 
539328   1.425e+10   9.13e+07   3.972e+07   3.683e+04 
515177   1.428e+10   4.978e+07   2.171e+07    184.5 
552367   1.498e+10   6.222e+07   2.727e+07   2.147e+04 
518111   1.977e+10   7.764e+07   3.362e+07   1.59e+04 
553708   1.386e+10   8.685e+07   3.824e+07   3.355e+05 
471901   1.91e+10   7.408e+07   3.204e+07   1.897e+04 
473207   3.223e+10   1.94e+08   8.293e+07   1.066e+07 
397866   3.415e+10   4.274e+08   1.847e+08   2.027e+07 
439827   3.285e+10   2.095e+08   8.968e+07   1.25e+07 
414651   4.863e+10   4.361e+08   1.907e+08   1.915e+07 
483179   4.647e+10   1.553e+08   6.556e+07   6.456e+06 
360916   4.229e+10   4.771e+08   2.063e+08   2.078e+07 
551168   1.645e+10   6.789e+07   2.927e+07     9942 
543809    2e+10   8.872e+07   3.858e+07   2.787e+04 
551607   1.324e+10   9.77e+07   4.246e+07   1.159e+06 
560928   1.149e+10   5.613e+07   2.454e+07    208.8 
535792   1.494e+10   6.403e+07   2.755e+07     5050 
598201   8.355e+09   3.495e+07   1.508e+07    35.41 
207473   4.157e+11   2.915e+09   1.221e+09   3.96e+08 
191079   4.103e+11   2.115e+09   8.867e+08   2.874e+08 
214452   3.443e+11   2.071e+09   8.796e+08   1.924e+08 
573930   1.092e+10   5.107e+07   2.229e+07    597.5 
592780   9.603e+09   6.401e+07   2.807e+07      240 
540701   1.226e+10   4.662e+07   2.03e+07    679.6 
523958   2.477e+10   1.539e+08   6.768e+07   2.928e+05 
538258   1.951e+10   1.705e+08   7.417e+07   4.139e+06 
514249   2.055e+10   1.648e+08   7.214e+07   3.988e+06 
314770   1.915e+11   1.098e+09   4.73e+08   7.452e+07 
330955   1.738e+11   1.092e+09   4.706e+08   7.256e+07 
353729   1.436e+11   7.082e+08   3.023e+08   6.528e+07 
450849   6.752e+10   1.921e+08   8.087e+07   7.104e+06 
390305   1.054e+11   4.558e+08   1.966e+08   1.761e+07 
431868   4.692e+10   4.164e+08   1.804e+08   1.355e+07 
452839   4.436e+10   2.153e+08   9.336e+07   7.116e+06 
445342   4.125e+10   3.235e+08   1.398e+08   1.984e+07 
382256   4.212e+10   5.951e+08   2.574e+08   2.551e+07 
453713   9.112e+10   2.324e+08   9.957e+07   1.575e+07 
387438   1.016e+11   2.917e+08   1.254e+08   1.776e+07 
393731   1.198e+11   7.551e+08   3.269e+08   4.558e+07 
450593   3.042e+10   2.166e+08   9.195e+07   1.094e+07 
445567   4.003e+10   1.043e+08   4.553e+07   1.823e+05 
482257   3.45e+10   1.54e+08   6.648e+07   7.077e+06 
518640   2.382e+10   9.479e+07   4.076e+07   2.984e+04 
554492   1.68e+10   1.505e+08   6.653e+07   1.886e+06 
531332   1.853e+10   1.43e+08   6.262e+07   1.812e+06 
506244   2.15e+10   1.236e+08   5.415e+07   1.333e+05 
523897   1.795e+10   1.198e+08   5.298e+07   1.341e+05 
562410   1.996e+10   6.843e+07   3.004e+07     7224 
510245   1.758e+10   8.098e+07   3.459e+07   1.496e+04 
524825   2.045e+10   4.424e+07   1.871e+07     1375 
565642   1.546e+10   1.141e+08   5.044e+07   7.822e+04 
458231   4.558e+10   1.481e+08   6.325e+07   8.047e+06 
485233   5.796e+10   1.813e+08   7.803e+07   8.697e+06 
440377   5.015e+10   2.055e+08   8.82e+07   9.378e+06 
452500   5.904e+10   4.362e+08   1.915e+08   1.263e+07 
391681   6.024e+10   6.542e+08   2.849e+08   3.505e+07 
417581   6.463e+10   3.195e+08   1.361e+08   1.277e+07 
538868   7.396e+09   4.086e+07   1.772e+07    577.4 
564670   8.197e+09   5.219e+07   2.226e+07     1213 
576846   7.095e+09   6.055e+07   2.652e+07     1925 
534906   7.848e+09   3.751e+07   1.623e+07    120.3 
549666   8.117e+09   5.083e+07   2.218e+07     1754 
541402   9.146e+09   5.365e+07   2.291e+07    596.7 
565629   9.821e+09   6.384e+07   2.746e+07     2304 
516703   1.608e+10   5.792e+07   2.376e+07    177.3 
511401   1.427e+10   3.791e+07   1.588e+07    55.32 
514437   1.099e+10   7.258e+07   3.189e+07     4112 
602721   9.775e+09   3.863e+07   1.673e+07     7967 
499574   1.152e+10   5.739e+07   2.458e+07     4025 
406698   7.464e+10   1.83e+08   7.676e+07   1.304e+07 
424485   9.479e+10   2.688e+08   1.13e+08   1.31e+07 
391869   6.989e+10   3.24e+08   1.373e+08   2.604e+07 
558876   1.094e+10   4.431e+07   1.874e+07    45.01 
547038   1.038e+10   4.805e+07   2.041e+07     1485 
520152   1.09e+10   3.717e+07   1.555e+07    41.87 
251299   3.07e+11   1.715e+09   7.309e+08   1.615e+08 
277687   2.76e+11   1.523e+09   6.484e+08   1.737e+08 
286695   1.497e+11   8.764e+08   3.764e+08   7.197e+07 
498171   2.32e+10   1.635e+08   7.109e+07   3.458e+06 
503778   2.124e+10   1.371e+08   5.9e+07   1.24e+06 
529218   2.305e+10   1.561e+08   6.853e+07   1.563e+06 
404501   6.391e+10   3.861e+08   1.666e+08   2.724e+07 
415113   6.36e+10   3.636e+08   1.558e+08   2.898e+07 
466133   6.33e+10   2.064e+08   8.71e+07   1.889e+07 
585860   1.32e+10   1.468e+08   6.49e+07   1.442e+06 
528947   1.839e+10   9.381e+07   4.085e+07   2.839e+04 
513052   2.159e+10   4.572e+07   1.937e+07    819.6 
450920   4.346e+10   3.989e+08   1.743e+08   1.231e+07 
441763   4.294e+10   2.992e+08   1.282e+08   2.229e+07 
407020   4.368e+10   2.386e+08   1.031e+08   8.031e+06 
297210   1.625e+11   1.085e+09   4.619e+08   1.048e+08 
288015   1.765e+11   6.997e+08   3.02e+08   5.264e+07 
336796   1.465e+11   8.455e+08   3.643e+08   5.964e+07 
483421   2.179e+10   1.277e+08   5.543e+07   3.736e+05 
525344   2.239e+10   5.858e+07   2.459e+07     7235 
486590   2.677e+10   7.971e+07   3.455e+07   1.207e+04 
431282   5.87e+10   2.967e+08   1.28e+08   7.901e+06 
443356   8.147e+10   2.675e+08   1.156e+08   7.536e+06 
388615   7.521e+10   4.887e+08   2.094e+08   2.528e+07 
513732   3.185e+10   1.528e+08   6.704e+07   1.734e+06 
481947   3.191e+10   1.878e+08   7.94e+07   7.734e+06 
459020   3.721e+10   2.38e+08   1.018e+08   7.597e+06 
427114   8.12e+10   2.849e+08   1.206e+08   1.887e+07 
432711   7.579e+10   2.618e+08   1.12e+08   1.758e+07 
453019   8.131e+10   2.892e+08   1.239e+08   2.609e+07 
431868   4.692e+10   4.164e+08   1.804e+08   1.355e+07 
422831   4.694e+10   2.696e+08   1.14e+08   2.144e+07 
403910   7.57e+10   4.206e+08   1.818e+08   2.35e+07 
304201   2.895e+11   1.02e+09   4.332e+08   1.019e+08 
252245   3.27e+11   1.453e+09   6.062e+08   2.044e+08 
179886   3.928e+11   2.162e+09   9.067e+08   3.252e+08 
443801   2.939e+10   4.15e+08   1.82e+08   1.765e+07 
428289   3.896e+10   1.793e+08   7.667e+07   2.523e+06 
481804   3.188e+10   1.743e+08   7.663e+07   1.599e+06 
513986   3.136e+10   1.924e+08   8.396e+07   3.726e+06 
384534   3.248e+10   4.224e+08   1.849e+08   1.657e+07 
436551   3.232e+10   1.958e+08   8.427e+07   5.598e+06 
463453   4.032e+10   1.889e+08   8.066e+07   5.47e+06 
491614   3.576e+10   2.198e+08   9.545e+07   6.268e+06 
484715   4.129e+10   1.72e+08   7.429e+07   4.369e+06 
384914   8.126e+10   5.519e+08   2.343e+08   3.293e+07 
429237   9.497e+10   2.817e+08   1.219e+08   7.329e+06 
392852   8.007e+10   4.612e+08   2.01e+08   1.336e+07 
528151   1.22e+10   6.601e+07   2.843e+07     2153 
587096   1.097e+10   4.506e+07   1.96e+07    123.9 
493141   1.436e+10   6.794e+07   2.929e+07   1.176e+04 
277687   2.76e+11   1.523e+09   6.484e+08   1.737e+08 
286695   1.497e+11   8.764e+08   3.764e+08   7.197e+07 
251299   3.07e+11   1.715e+09   7.309e+08   1.615e+08 
572148   8.46e+09   4.45e+07   1.935e+07      338 
549666   8.117e+09   5.083e+07   2.218e+07     1754 
577593   8.972e+09   2.433e+07   1.034e+07        0 
570014   7.84e+09   3.452e+07   1.489e+07     87.6 
567517   7.765e+09   3.827e+07   1.657e+07        0 
568559   8.259e+09   4.045e+07   1.754e+07    193.7 
557943   7.859e+09   3.188e+07   1.371e+07        0 
542987   9.467e+09   4.44e+07   1.878e+07    274.9 
572995   8.222e+09   6.938e+07   3.046e+07     4770 
549512   1.432e+10   4.277e+07   1.805e+07    98.51 
567178   1.169e+10   2.948e+07   1.264e+07        0 
566543   1.013e+10   3.964e+07   1.664e+07   1.03e+05 
459665   1.72e+10   1.267e+08   5.549e+07   5.635e+05 
534795   1.939e+10   7.22e+07   3.12e+07     8483 
530145   1.476e+10   8.588e+07   3.678e+07   1.238e+04 
388428   7.347e+10   4.233e+08   1.811e+08   2.118e+07 
472174   7.163e+10   1.766e+08   7.792e+07   4.201e+06 
393888   7.583e+10   5.373e+08   2.321e+08   3.687e+07 
560692   1.097e+10   6.792e+07   2.981e+07   1.193e+04 
502043   1.132e+10   8.326e+07   3.666e+07   4.8e+04 
583700   9.202e+09   3.761e+07   1.627e+07        0 
511059   1.439e+10   1.184e+08   5.184e+07   1.885e+05 
567657   1.287e+10   4.034e+07   1.696e+07      280 
548572   1.334e+10   8.776e+07   3.815e+07   2.95e+04 
362780   1.15e+11   4.088e+08   1.752e+08   2.117e+07 
424910   7.475e+10   2.631e+08   1.127e+08   1.703e+07 
449034   6.801e+10   2.747e+08   1.178e+08   1.811e+07 
549349   1.369e+10   9.67e+07   4.266e+07   4.716e+04 
534362   1.441e+10   6.698e+07   2.939e+07     3155 
502796   1.675e+10   1.311e+08   5.644e+07   1.523e+05 
581925   8.477e+09   4.872e+07   2.124e+07        0 
506435   7.414e+09   2.901e+07   1.19e+07        0 
548267   7.691e+09   3.396e+07   1.464e+07        0 
527554   1.685e+10   5.835e+07   2.554e+07   1.206e+04 
526277   1.624e+10   1.066e+08   4.657e+07   6.164e+04 
542846   1.795e+10   6.373e+07   2.741e+07     6487 
526833   3.049e+10   7.928e+07   3.488e+07   9.122e+04 
502168   2.864e+10   1.695e+08   7.361e+07   4.945e+06 
491735   2.843e+10   1.839e+08   8.078e+07   3.106e+06 
375236   9.292e+10   5.574e+08   2.4e+08   4.184e+07 
387438   1.016e+11   2.917e+08   1.254e+08   1.776e+07 
424986   1.049e+11   2.508e+08   1.075e+08   1.341e+07 
541934   1.142e+10   7.878e+07   3.404e+07   9.931e+05 
482323   1.615e+10   4.348e+07   1.837e+07      391 
512799   1.529e+10   6.219e+07   2.672e+07     4826 
396073   1.111e+11   2.904e+08   1.238e+08   1.677e+07 
414549   9.068e+10   3.815e+08   1.656e+08   2.135e+07 
376963   1.084e+11   2.356e+08   9.954e+07   1.499e+07 
499130   3.868e+10   8.49e+07   3.581e+07   2.318e+04 
519776   2.626e+10   8.672e+07   3.768e+07   2.314e+04 
528078   2.699e+10   6.778e+07   2.975e+07     3330 
319145   1.083e+11   5.964e+08   2.588e+08   2.312e+07 
380276   1.035e+11   3.273e+08   1.387e+08   2.729e+07 
330208   1.62e+11   1.065e+09   4.612e+08   6.068e+07 
267323   3.635e+11   1.527e+09   6.443e+08   1.622e+08 
339862   2.095e+11   7.746e+08   3.297e+08   5.703e+07 
291888   2.195e+11   1.339e+09   5.725e+08   1.177e+08 
223896   2.808e+11   1.649e+09   7.052e+08   1.299e+08 
373050   1.217e+11   5.742e+08   2.49e+08   3.222e+07 
363104   1.401e+11   6.514e+08   2.789e+08   4.17e+07 
348894   2.076e+11   6.149e+08   2.555e+08   8.077e+07 
247348   3.475e+11   2.142e+09   9.032e+08   2.59e+08 
358886   2.169e+11   7.02e+08   2.994e+08   6.221e+07 
563712   1.122e+10   1.363e+08   6.025e+07   8.779e+05 
528598   1.336e+10   7.397e+07   3.199e+07   1.137e+04 
512125   1.337e+10   8.97e+07   3.902e+07   1.147e+04 
295674   8.992e+10   6.917e+08   2.963e+08   5.8e+07 
427114   8.12e+10   2.849e+08   1.206e+08   1.887e+07 
261959   2.407e+11   1.235e+09   5.194e+08   1.443e+08 
524520   1.511e+10   1.105e+08   4.775e+07   4.709e+04 
553994   1.625e+10   3.828e+07   1.604e+07        0 
535168   1.467e+10   5.68e+07   2.484e+07     2711 
552724   6.532e+09   5.486e+07   2.398e+07     1189 
585575   5.718e+09   2.345e+07   9.949e+06        0 
664639   4.925e+09   3.096e+07   1.33e+07        0 
524846   1.266e+10   1.067e+08   4.714e+07   4.102e+04 
511298   2.097e+10   1.246e+08   5.4e+07   6.099e+05 
499897   1.229e+10   5.718e+07   2.501e+07     1656 
464576   2.025e+10   8.759e+07   3.649e+07     7582 
541590   1.534e+10   9.299e+07   4.101e+07   3.419e+04 
535372   1.187e+10   1.038e+08   4.582e+07   4.199e+05 
381392   1.162e+11   3.244e+08   1.39e+08   2.244e+07 
380119   1.217e+11   5.017e+08   2.155e+08   2.295e+07 
278854   1.275e+11   1.373e+09   5.9e+08   1.051e+08 
616007   8.18e+09   5.684e+07   2.486e+07     2226 
575732   1.005e+10   3.639e+07   1.52e+07        0 
511401   1.427e+10   3.791e+07   1.588e+07    55.32 
429435   4.408e+10   2.793e+08   1.212e+08   1.37e+07 
424043   4.345e+10   2.225e+08   9.682e+07   9.641e+06 
352061   6.168e+10   5.292e+08   2.275e+08   2.56e+07 
453450   3.775e+10   2.315e+08   1.014e+08   1.536e+07 
469504   1.544e+09   1.21e+08   5.245e+07   1.815e+05 
496019   3.833e+10   1.471e+08   6.361e+07   5.293e+06 
339181   2.007e+11   4.931e+08   2.079e+08   5.484e+07 
336276   2.291e+11   7.705e+08   3.289e+08   5.724e+07 
296787   2.282e+11   9.547e+08   4.046e+08   1.189e+08 
574263   8.891e+09   6.116e+07   2.679e+07     1935 
546260   1.005e+10   4.578e+07   1.887e+07    155.9 
578018   9.413e+09   4.341e+07   1.886e+07    592.1 
512948   1.261e+10   1.078e+08   4.707e+07   3.037e+05 
504785   1.597e+10   1.489e+08   6.491e+07   3.593e+05 
511127   1.613e+10   9.714e+07   4.286e+07   1.926e+04 
504757   1.17e+10   5.019e+07   2.136e+07     2750 
505530   1.031e+10   5.204e+07   2.167e+07    724.4 
565344   8.434e+09   3.869e+07   1.57e+07    106.8 
481947   3.191e+10   1.878e+08   7.94e+07   7.734e+06 
476232   3.128e+10   2.247e+08   9.709e+07   1.146e+07 
459020   3.721e+10   2.38e+08   1.018e+08   7.597e+06 
434938   8.774e+10   2.314e+08   9.848e+07   2.268e+07 
432711   7.579e+10   2.618e+08   1.12e+08   1.758e+07 
384705   1.117e+11   4.439e+08   1.884e+08   2.453e+07 
543774   1.851e+10   5.029e+07   2.141e+07      683 
471951   1.785e+10   1.313e+08   5.757e+07   2.052e+05 
501292   2.098e+10   1.336e+08   5.757e+07   1.763e+05 
490342   2.077e+10   1.697e+08   7.413e+07   6.166e+06 
509561   2.087e+10   1.771e+08   7.727e+07   7.648e+06 
506753   2.425e+10   1.333e+08   5.79e+07   4.232e+05 
415628   1.822e+10   1.045e+08   4.509e+07   4.463e+04 
520196   1.883e+10   1.262e+08   5.532e+07   2.406e+05 
543349   1.833e+10   9.111e+07   4.017e+07   2.013e+04 
549434   9.018e+09   5.787e+07   2.532e+07     1454 
591541   8.837e+09   4.672e+07   2.034e+07    404.4 
559335   9.768e+09   4.2e+07   1.823e+07    981.9 
464539   5.549e+10   2.145e+08   9.139e+07   1.253e+07 
386429   7.545e+10   1.688e+08   7.201e+07   7.441e+06 
399844   5.536e+10   4.256e+08   1.835e+08   3.446e+07 
480550   5.203e+10   1.654e+08   7.125e+07   5.252e+06 
432379   4.775e+10   2.039e+08   8.561e+07   1.763e+07 
450683   4.743e+10   2.868e+08   1.233e+08   1.076e+07 
543372   2.199e+10   1.073e+08   4.687e+07   7.35e+04 
540389   1.813e+10   3.584e+07   1.548e+07     5372 
567191   1.698e+10   1.715e+08   7.574e+07   2.488e+06 
715534   3.114e+08        0        0        0 
695585   2.758e+08        0        0        0 
695392   2.918e+08        0        0        0 
519044   2.241e+10   1.18e+08   5.165e+07   9.951e+04 
479117   2.716e+10   1.037e+08   4.42e+07   4.375e+04 
529180   1.942e+10   1.694e+08   7.456e+07   5.48e+06 
305083   1.195e+11   8.812e+08   3.731e+08   8.432e+07 
376356   9.751e+10   6.78e+08   2.925e+08   3.017e+07 
362780   1.15e+11   4.088e+08   1.752e+08   2.117e+07 
348334   1.244e+11   5.333e+08   2.226e+08   7.142e+07 
362042   1.5e+11   6.054e+08   2.587e+08   2.697e+07 
360087   1.338e+11   5.892e+08   2.503e+08   4.968e+07 
582129   9.657e+09   6.114e+07   2.678e+07     2803 
539085   1.221e+10   5.825e+07   2.444e+07     4724 
562569   1.022e+10   5.289e+07   2.31e+07     1851 
494991   1.764e+10   1.212e+08   5.149e+07   1.029e+05 
537133   1.529e+10   4.932e+07   2.098e+07     1360 
548855   1.522e+10   4.241e+07   1.789e+07    423.6 
593904   6.845e+09   4.212e+07   1.829e+07        0 
563892   7.961e+09   2.437e+07   1.036e+07        0 
574352   7.924e+09   5.995e+07   2.625e+07     1415 
519776   2.626e+10   8.672e+07   3.768e+07   2.314e+04 
476527   2.575e+10   2.054e+08   9.007e+07   4.963e+06 
501859   2.521e+10   1.905e+08   8.423e+07   3.161e+06 
523878   2.507e+10   1.114e+08   4.921e+07   7.628e+04 
446786   2.431e+10   2.689e+08   1.161e+08   8.599e+06 
487276   2.869e+10   1.043e+08   4.445e+07   1.473e+05 
342047   1.198e+11   7.363e+08   3.148e+08   6.657e+07 
338148   1.008e+11   5.268e+08   2.219e+08   4.972e+07 
332389   1.069e+11   5.277e+08   2.293e+08   2.686e+07 
387067   4.759e+10   3.361e+08   1.452e+08   7.773e+06 
510299   3.091e+10   1.046e+08   4.491e+07   2.159e+06 
511687   2.837e+10   1.358e+08   6.012e+07   1.66e+05 
550654   1.308e+10   1.227e+08   5.425e+07   1.159e+05 
536324   1.41e+10   3.703e+07   1.548e+07   2.677e+04 
521593   1.361e+10   8.474e+07   3.627e+07   2.006e+04 
513026   1.836e+10   1.056e+08   4.558e+07   7.795e+04 
534303   1.922e+10   6.274e+07   2.75e+07     4838 
520132   2.083e+10   5.708e+07   2.391e+07     4952 
572148   8.46e+09   4.45e+07   1.935e+07      338 
544205   8.521e+09   5.859e+07   2.459e+07     4264 
586461   8.193e+09   2.873e+07   1.23e+07        0 
423804   7.004e+10   3.616e+08   1.568e+08   2.079e+07 
388428   7.347e+10   4.233e+08   1.811e+08   2.118e+07 
376738   7.108e+10   2.693e+08   1.127e+08   2.341e+07 
497838   3.087e+10   1.971e+08   8.669e+07   2.8e+06 
405745   3.746e+10   3.636e+08   1.579e+08   1.29e+07 
490109   3.203e+10   1.244e+08   5.38e+07   1.99e+06 
377212   1.253e+11   7.856e+08   3.372e+08   7.288e+07 
329105   1.313e+11   8.219e+08   3.517e+08   8.542e+07 
307438   1.293e+11   1.279e+09   5.537e+08   9.161e+07 
453313   5.006e+10   1.359e+08   5.912e+07   5.414e+06 
393117   4.889e+10   4.054e+08   1.713e+08   3.399e+07 
445878   4.442e+10   2.642e+08   1.135e+08   7.294e+06 
524317   9.747e+09   6.233e+07   2.732e+07    346.7 
547038   1.038e+10   4.805e+07   2.041e+07     1485 
528880   9.873e+09   4.806e+07   2.041e+07     4585 
458722   2.592e+10   7.446e+07   3.167e+07   3.541e+04 
491403   2.621e+10   1.268e+08   5.609e+07   2.054e+05 
537690   2.239e+10   1.314e+08   5.729e+07   3.38e+06 
217485   2.553e+11   1.06e+09   4.374e+08   1.702e+08 
306516   2.253e+11   1.098e+09   4.716e+08   9.376e+07 
246232   2.285e+11   1.45e+09   6.207e+08   1.307e+08 
571146   1.237e+10   4.969e+07   2.167e+07     2850 
542044   1.391e+10   4.604e+07   1.951e+07     1353 
512707   1.242e+10   8.832e+07   3.734e+07   4.105e+04 
507807   8.528e+09   4.266e+07   1.8e+07    469.8 
569459   8.179e+09   4.478e+07   1.947e+07      310 
578861   8.51e+09   5.137e+07   2.242e+07    238.1 
442350   5.853e+10   1.686e+08   7.221e+07   4.507e+06 
467700   5.244e+10   3.552e+08   1.542e+08   1.755e+07 
355911   5.617e+10   4.593e+08   1.986e+08   2.378e+07 
529202   1.507e+10   1.295e+08   5.623e+07   1.29e+05 
489230   1.691e+10   1.268e+08   5.505e+07   1.606e+05 
547443   1.528e+10   9.349e+07   4.123e+07   3.228e+04 
457227   3.064e+10   1.562e+08   6.715e+07   4.955e+06 
424571   3.585e+10   2.468e+08   1.076e+08   5.552e+06 
537865   2.753e+10   1.48e+08   6.443e+07   9.053e+05 
569827   6.842e+09   3.462e+07   1.494e+07      188 
541681   7.693e+09   3.96e+07   1.61e+07    328.2 
566559   7.157e+09   2.87e+07   1.176e+07    29.89 
548058   5.212e+09   4.403e+07   1.861e+07        0 
566397   4.774e+09   3.558e+07   1.484e+07        0 
598995   6.057e+09   3.757e+07   1.625e+07     7970 
518971   2.19e+10   1.196e+08   5.182e+07   3.528e+05 
523547   2.033e+10   1.533e+08   6.709e+07   3.359e+06 
484655   3.061e+10   1.501e+08   6.546e+07   1.391e+05 
539114   2.065e+10   1.758e+08   7.723e+07   2.271e+06 
508433   2.316e+10   1.519e+08   6.667e+07   1.349e+06 
477919   2.149e+10   2.285e+08   9.889e+07   1.027e+07 
536830   2.53e+10   1.479e+08   6.48e+07   1.947e+06 
510944   2.591e+10   2.075e+08   9.102e+07   1.112e+07 
463804   2.588e+10   2.216e+08   9.522e+07   1.1e+07 
384705   1.117e+11   4.439e+08   1.884e+08   2.453e+07 
399969   8.857e+10   4.428e+08   1.907e+08   2.878e+07 
330208   1.62e+11   1.065e+09   4.612e+08   6.068e+07 
529285   1.702e+10   1.232e+08   5.398e+07   1.573e+05 
565806   1.015e+10   7.573e+07   3.33e+07     7967 
535203   1.205e+10   6.413e+07   2.654e+07     4130 
494179   1.082e+10   3.492e+07   1.454e+07    172.8 
537569   9.88e+09   5.015e+07   2.135e+07     2730 
479461   1.357e+10   4.816e+07   2.046e+07     4447 
412743   3.079e+10   2.945e+08   1.265e+08   1.87e+07 
520839   3.313e+10   5.824e+07   2.443e+07     7064 
455857   3.227e+10   1.362e+08   5.843e+07   3.165e+06 
520649   2.545e+10   1.018e+08   4.44e+07   7.835e+04 
488500   2.691e+10   1.134e+08   4.853e+07   2.217e+04 
470884   2.178e+10   2.233e+08   9.725e+07   9.139e+06 
450683   4.743e+10   2.868e+08   1.233e+08   1.076e+07 
447767   5.935e+10   2.235e+08   9.64e+07   7.982e+06 
386247   5.303e+10   3.838e+08   1.645e+08   1.703e+07 
535887   2.546e+10   8.152e+07   3.589e+07   4.166e+04 
416258   2.47e+10   3.337e+08   1.46e+08   1.457e+07 
540374   2.567e+10   7.079e+07   3.004e+07   1.476e+04 
560827   5.934e+09   3.826e+07   1.604e+07        0 
517137   6.166e+09   2.523e+07   1.074e+07        0 
556206   5.581e+09   3.382e+07   1.353e+07    65.29 
432485   5.463e+10   2.303e+08   9.856e+07   1.653e+07 
431635   5.724e+10   2.126e+08   9.188e+07   9.859e+06 
399844   5.536e+10   4.256e+08   1.835e+08   3.446e+07 
545399   1.991e+10   1.563e+08   6.907e+07   2.077e+06 
566590   1.975e+10   1.315e+08   5.812e+07   6.22e+05 
531046   2.181e+10   1.581e+08   6.939e+07   1.66e+06 
548531   1.089e+10   5.877e+07   2.573e+07    370.3 
577936   1.092e+10   3.93e+07   1.703e+07    669.5 
564843   1.074e+10   9.977e+07   4.404e+07   4.995e+04 
571415   7.48e+09   2.561e+07   1.091e+07        0 
570340   7.975e+09   2.44e+07   1.037e+07        0 
590268   7.9e+09   3.668e+07   1.586e+07        0 
529890   6.572e+09   4.342e+07   1.887e+07    274.2 
599042   5.759e+09   1.734e+07   7.217e+06        0 
564164   6.958e+09   2.269e+07   9.081e+06        0 
594913   7.298e+09   2.302e+07   9.756e+06        0 
575483   7.59e+09        0        0        0 
561782   6.587e+09   3.941e+07   1.708e+07    163.4 
508985   2.709e+10   1.529e+08   6.628e+07   4.011e+06 
491931   2.699e+10   2.028e+08   8.87e+07   7.931e+06 
493314   2.69e+10   1.367e+08   5.989e+07   6.191e+06 
430394   4.363e+10   3.56e+08   1.552e+08   1.149e+07 
486052   4.28e+10   1.69e+08   7.319e+07   7.305e+06 
452895   4.318e+10   3.003e+08   1.308e+08   6.541e+06 
472641   3.766e+10   2.531e+08   1.088e+08   1.615e+07 
417122   3.761e+10   1.888e+08   8.111e+07   5.956e+06 
408497   3.798e+10   4.745e+08   2.059e+08   1.725e+07 
525541   1.625e+10   6.763e+07   2.916e+07     1097 
544305   1.582e+10   8.841e+07   3.896e+07   2.189e+04 
507025   1.554e+10   7.162e+07   2.988e+07     5623 
755423   1.397e+08        0        0        0 
697032   1.634e+08        0        0        0 
696819   1.569e+08        0        0        0 
566822   2.043e+10   8.772e+07   3.866e+07   1.976e+04 
490867   2.155e+10   1.113e+08   4.863e+07   1.025e+05 
513052   2.159e+10   4.572e+07   1.937e+07    819.6 
533355   1.933e+10   8.31e+07   3.606e+07   1.879e+04 
532271   2.004e+10   1.233e+08   5.401e+07   1.438e+05 
521026   1.919e+10   1.24e+08   5.457e+07   2.663e+06 
538868   7.396e+09   4.086e+07   1.772e+07    577.4 
569558   7.399e+09   4.562e+07   1.933e+07        0 
567416   7.388e+09   4.915e+07   2.09e+07        0 
495177   8.718e+09   8.109e+07   3.569e+07     2921 
577184   8.729e+09   3.657e+07   1.581e+07    103.4 
546047   8.715e+09   4.522e+07   1.862e+07    212.9 
