1
2
3
4
5
6
7
8
9
10
11
12
13
14
15
16
17
18
19
20
21
22
23
24
25
26
27
28
29
30
31
32
33
34
35
36
37
38
39
40
41
42
43
44
45
46
47
48
49
50
51
52
53
54
55
56
57
58
59
60
61
62
63
64
65
66
67
68
69
70
71
72
73
74
75
76
77
78
79
80
81
82
83
85
86
87
89
90
91
92
93
94
95
96
97
98
99
100
101
102
103
105
107
108
109
110
111
112
114
117
120
121
124
127
128
129
131
133
137
138
146
149
152
156
157
158
160
161
162
173
177
179
181
216
17186
17187
17188
17189
17190
17191
17192
17193
17194
17195
17196
17197
17198
17199
17200
17201
17202
17203
17204
17205
17206
17207
17208
17209
17210
17211
17212
17213
17214
17215
17216
17217
17218
17219
17220
17221
17222
17223
17224
17225
17226
17227
17228
17229
17230
17231
17232
17233
17234
17235
17236
17238
17239
17240
17241
17244
17245
17246
17248
17249
17250
17251
17252
17253
17254
17255
17256
17257
17258
17260
17262
17263
17265
17266
17267
17268
17269
17271
17272
17273
17274
17276
17277
17283
17284
17291
17297
17301
17303
17307
17311
17326
17328
17339
17350
17352
31343
31344
31345
31346
31347
31348
31349
31350
31351
31352
31353
31354
31355
31356
31357
31358
31359
31360
31361
31362
31363
31364
31365
31366
31367
31368
31369
31370
31371
31372
31373
31374
31375
31376
31377
31378
31379
31380
31381
31382
31383
31384
31385
31386
31387
31388
31389
31391
31392
31393
31394
31396
31397
31398
31399
31400
31402
31403
31404
31405
31407
31408
31409
31412
31414
31415
31417
31423
31426
31428
31430
31431
31433
31441
31442
31444
31453
31454
31456
31457
31460
31461
31466
41583
41584
41585
41586
41587
41588
41589
41590
41591
41592
41593
41594
41595
41596
41597
41598
41599
41600
41601
41602
41603
41604
41605
41606
41607
41608
41609
41610
41611
41612
41613
41614
41615
41616
41617
41618
41619
41620
41621
41622
41623
41624
41625
41626
41627
41628
41629
41630
41631
41632
41633
41634
41636
41637
41638
41639
41641
41642
41643
41644
41646
41649
41651
41652
41654
41655
41656
41657
41658
41659
41660
41664
41666
41668
41672
41673
41674
41677
41681
41683
41684
41691
41693
41695
41696
41701
41715
41720
41721
52619
52620
52621
52622
52623
52624
52625
52626
52627
52628
52629
52630
52631
52632
52633
52634
52635
52636
52637
52638
52639
52640
52641
52642
52643
52644
52645
52646
52647
52648
52649
52650
52651
52652
52654
52655
52656
52657
52659
52660
52661
52662
52663
52665
52666
52668
52669
52670
52671
52673
52675
52676
52679
52681
52686
52687
52692
52695
52698
52701
60732
60733
60734
60735
60736
60737
60738
60739
60740
60741
60742
60743
60744
60745
60746
60747
60748
60749
60750
60751
60752
60753
60754
60755
60756
60757
60758
60759
60760
60761
60762
60763
60764
60765
60766
60767
60771
60772
60773
60774
60775
60778
60780
60781
60782
60783
60784
60785
60786
60790
60795
60801
60803
60808
60818
60822
60829
60841
69508
69509
69510
69511
69512
69513
69514
69515
69516
69517
69518
69519
69520
69521
69522
69523
69524
69525
69526
69527
69528
69529
69530
69531
69532
69533
69534
69535
69536
69537
69538
69539
69540
69541
69542
69543
69544
69545
69547
69548
69549
69552
69555
69557
69560
69561
69562
69563
69564
69566
69568
69569
69571
69576
69577
69578
69580
69581
69583
69586
69590
69592
69611
83281
83282
83283
83284
83285
83286
83287
83288
83289
83290
83291
83292
83293
83294
83295
83296
83297
83298
83299
83300
83301
83302
83303
83304
83305
83306
83307
83308
83309
83310
83311
83312
83313
83315
83316
83317
83318
83320
83321
83322
83323
83325
83326
83327
83329
83330
83331
83333
83336
83337
83338
83340
88664
88665
88666
88667
88668
88669
88670
88671
88672
88673
88674
88675
88676
88677
88678
88679
88680
88681
88682
88683
88684
88685
88686
88687
88688
88689
88690
88691
88692
88693
88694
88695
88696
88697
88700
88701
88702
88703
88704
88705
88706
88709
88710
88711
88713
88714
88715
88717
88721
88722
88727
88728
88738
88743
88746
88750
88756
88757
88759
88764
96501
96502
96503
96504
96505
96506
96507
96508
96509
96510
96511
96512
96513
96514
96515
96516
96517
96518
96519
96520
96521
96522
96523
96524
96525
96526
96527
96528
96529
96530
96531
96532
96533
96534
96535
96536
96537
96538
96539
96541
96542
96543
96546
96551
96556
96559
102684
102685
102686
102687
102688
102689
102690
102691
102692
102693
102694
102695
102696
102697
102698
102700
102701
102702
102703
102704
102705
102708
102709
102711
102713
102715
102720
102724
102726
102729
102735
102737
102741
102743
102757
118680
118681
118682
118683
118684
118685
118686
118687
118688
118689
118690
118691
118692
118694
118695
118696
118697
118700
118701
118703
118704
118709
118719
118723
121864
121865
121866
121867
121868
121869
121870
121871
121872
121873
121874
121875
121876
121877
121878
121879
121880
121881
121882
121883
121884
121885
121886
121887
121888
121892
121894
121899
128394
128395
128396
128397
128398
128399
128400
128401
128402
128403
128404
128406
128407
128409
128411
128413
128416
128418
128419
128420
128421
128430
