69507
408497
380934
439732
296787
273141
424910
302773
502560
154493
207473
352578
370529
449201
177719
434681
257302
348334
149169
191079
336796
268908
177719
504142
404888
445515
360294
283637
506719
445271
297210
388818
492808
377539
402118
432130
245134
292355
250390
475171
356415
319643
462010
500632
402483
226194
329105
158847
510299
432927
335486
488990
496132
345813
451179
299935
242214
242214
299935
451179
454074
439283
402017
161162
235692
378526
286695
360294
292355
413608
327112
457169
376738
337843
230235
374379
108012
438038
410140
382256
527996
443746
277687
413608
285479
440024
406495
563039
434938
553932
334028
441141
391260
339181
394850
381147
334028
441141
391260
455637
354483
248157
528727
538134
548801
367139
154493
102683
456872
297210
252245
493859
502347
470178
517881
371859
493575
386247
380475
384355
441574
377398
496713
428813
237941
511005
544179
507933
563039
531951
496244
276219
514885
530450
463278
517858
154493
353168
284316
371259
346748
501991
383945
404216
588295
502168
339862
485233
304201
437645
277687
146176
356678
277687
146176
356678
338458
344300
419909
206226
399391
384355
569953
460273
424485
394069
341356
143884
408497
332812
415373
304201
313402
302773
177719
437749
342343
379540
405000
512247
226194
254112
436797
524996
452895
397568
245134
412743
419909
538580
251299
480750
447042
548572
491650
456921
433656
494377
423282
437945
372343
567326
434303
497585
367456
260862
420059
463278
433537
507933
499055
488537
487363
226194
347237
392725
348593
484113
298892
457000
613567
602224
433217
336796
332812
313954
197108
278854
521838
363315
453961
417032
417281
369545
396640
278854
273994
499113
471857
380119
172649
508020
394986
353729
424362
340106
412442
422426
379540
601834
622603
533001
431390
488722
321204
429556
330553
463804
31342
202634
412199
431390
488722
321204
457000
474320
412912
349135
463597
199321
482869
567818
523109
457169
486009
489901
258264
374228
372175
464539
472550
494807
382684
538535
525634
432379
355232
381608
397418
282377
277020
413091
388115
465205
450337
472641
481724
432379
355232
381608
506244
424910
534882
530353
497380
424910
225155
254925
286066
548675
521910
506313
445567
556458
485833
288743
440477
532001
450683
505333
469464
525649
556215
492425
515648
469539
537690
573325
453081
488174
443587
561729
543333
577609
572344
396266
456634
452185
431201
449910
467011
541223
283637
252995
259114
362780
421956
484257
456381
514361
382059
486463
511748
574342
344987
443801
422109
410303
565806
428038
436797
445515
428537
543639
558583
550248
480587
491901
490711
146176
199321
272322
489314
465205
436003
383506
545936
497450
534824
341683
436991
606140
558970
545136
392097
553327
538761
488174
468817
524295
364807
348334
278302
501761
517644
543722
372175
287335
437945
456381
481126
485233
447767
471857
478759
204234
394719
298206
409358
518430
242214
516398
532983
439518
347508
331701
293439
378115
415113
449201
399520
344987
335927
535998
461283
376356
585568
357235
446330
511905
521026
455059
457871
438038
487276
466694
543809
490475
445420
344987
420924
530145
548864
529247
389917
381608
519805
375909
289426
360294
458658
368697
496596
565642
497220
483421
548305
530660
523489
476417
490711
394439
365493
423282
334028
441574
567240
551181
520067
427532
547427
399267
287335
424725
464894
497220
471951
482169
381832
484818
438297
510059
356176
483693
400266
503322
485095
539114
566822
337843
381608
476232
282377
310985
352816
556215
492710
528107
436003
456921
422662
228680
443746
338148
434152
443097
245134
469315
680194
639362
449733
424152
482117
533931
474979
512569
354240
424362
291113
447042
322160
457169
580578
539998
518713
247348
175238
321204
404319
406698
418911
490921
486052
454151
371471
465495
419575
467798
245134
389056
432379
330208
405000
555077
511095
339547
220558
370003
369789
349414
427745
576439
490843
338458
506653
327822
413608
498984
455479
370782
414146
285479
345456
379320
507130
465614
444728
519650
565675
557180
493751
390305
550248
380475
485365
489016
422831
300568
445515
390305
440024
437121
388249
351071
425605
446253
498203
410140
503432
423110
456725
491026
438669
488500
455479
276219
360916
338458
273994
444184
526848
507096
539954
392961
392852
441327
518299
518236
476118
146176
234514
353729
322160
369545
424910
633968
548808
583129
399520
446549
415497
495934
496113
454074
625059
588181
555033
296787
161162
191079
526820
450046
538761
569838
533426
505455
727351
682905
665196
422831
435309
373699
460692
474231
462904
427314
515543
439078
309951
366792
277020
464936
494771
500632
545630
455335
550211
475722
523231
479798
585369
297712
372175
499960
553511
441036
473676
519446
355232
415497
460273
494377
584378
569163
568362
426902
492808
420815
481855
515265
559548
475220
430286
442532
374228
480550
475171
603821
551168
547527
474860
541125
482197
458784
389705
343039
535887
487993
518056
510778
552765
552250
512981
473957
424152
257302
225155
172649
321674
348894
306058
399520
381147
471109
384705
379949
392961
511944
512842
553917
536324
353423
557291
424485
479264
495515
371471
391869
390859
534285
464669
458447
551168
554610
544116
322160
400089
384355
536048
551168
506244
588239
588670
516068
367456
358582
386003
505892
478037
529002
439732
466133
291113
524135
564817
567060
467798
457871
440193
502595
529664
508188
462904
485095
411321
293439
445092
372343
468168
508294
444728
416752
456114
462564
543821
580629
462987
397866
378526
424152
532912
511327
454796
541649
520040
565159
380934
273141
413091
531900
438167
532939
433537
392961
413364
446330
503503
391081
375020
489901
411154
537690
507070
514361
482169
431106
493437
451807
401328
511980
500922
544005
552950
413608
541578
470884
504177
535662
505860
544694
506313
481300
517812
602766
612255
470252
491225
406878
534795
476487
480989
496113
501112
371704
524789
475542
538406
664012
636815
677300
484506
494326
428289
541607
522394
557804
540513
531429
527787
543333
520152
605252
401192
443746
436642
509491
498171
467871
640754
631926
656099
282377
353423
259114
401328
446682
412912
518056
504000
537743
469204
535279
471006
552431
488663
505067
542719
349414
533931
511127
473055
544116
560692
566892
472457
466387
562333
479264
457086
557749
480931
523129
495389
518614
510085
469315
552541
408764
367688
437239
511600
506753
367929
412199
448021
414549
556458
549641
556715
576653
562905
569149
516606
561729
556407
382684
273141
392961
576792
498462
560301
325335
263558
374593
359811
368436
347785
551318
497498
561689
493859
537743
507361
234514
306058
327112
335927
444184
295674
587338
558656
505067
584320
551091
581405
522003
571787
574776
549920
514047
494423
445658
511875
462904
403910
464110
431635
555734
510495
575603
158847
265267
268295
495442
547427
519428
506207
557201
509689
409475
424910
264414
555051
547655
588209
465016
472457
535220
562913
567578
482435
448269
500398
474271
534712
451961
544849
474377
466694
441857
580629
528598
506106
513760
513186
559782
270963
258264
273994
568920
530075
511542
348593
420059
433656
432130
417581
409761
486875
486124
489016
556715
548446
565654
527508
450126
479002
451323
356176
452357
465764
498520
480345
539328
462323
563783
170540
254925
108012
538535
481653
457452
305083
359086
337843
441494
395883
552272
480345
515887
506174
443498
463804
522908
490661
442532
464742
206226
214452
194947
555051
552840
525108
462564
420815
475171
502279
467628
490418
526718
551181
548458
480391
411154
460434
319145
405568
376544
424910
441574
349135
552509
469377
558583
481653
457452
538535
324572
369789
340355
114388
199321
125027
515318
405882
507096
487651
477474
448269
413747
455258
467385
535240
543560
526245
506903
592390
554687
485544
512755
574649
439518
429678
523639
531737
523364
502380
351452
407204
403787
592877
586724
576898
390465
390859
449651
520132
554650
539170
476892
503636
542463
559548
563712
558864
556784
549108
509521
562333
463139
545936
477677
550878
477564
520649
468817
491520
304201
231707
303710
512366
561492
520132
298206
244318
272322
674145
763762
737916
497258
523958
548053
525634
389917
380475
501244
521026
490195
525252
566241
511787
537403
525541
554768
510912
463453
484944
447236
463958
525937
532340
560119
527891
248157
320433
286066
480441
496757
512247
413091
307438
320012
530121
530353
479117
544827
568862
567845
353729
363981
323455
519428
501244
496369
566607
539618
572148
476362
450767
497529
281072
217485
222267
539328
515177
552367
518111
553708
471901
473207
397866
439827
414651
483179
360916
551168
543809
551607
560928
535792
598201
207473
191079
214452
573930
592780
540701
523958
538258
514249
314770
330955
353729
450849
390305
431868
452839
445342
382256
453713
387438
393731
450593
445567
482257
518640
554492
531332
506244
523897
562410
510245
524825
565642
458231
485233
440377
452500
391681
417581
538868
564670
576846
534906
549666
541402
565629
516703
511401
514437
602721
499574
406698
424485
391869
558876
547038
520152
251299
277687
286695
498171
503778
529218
404501
415113
466133
585860
528947
513052
450920
441763
407020
297210
288015
336796
483421
525344
486590
431282
443356
388615
513732
481947
459020
427114
432711
453019
431868
422831
403910
304201
252245
179886
443801
428289
481804
513986
384534
436551
463453
491614
484715
384914
429237
392852
528151
587096
493141
277687
286695
251299
572148
549666
577593
570014
567517
568559
557943
542987
572995
549512
567178
566543
459665
534795
530145
388428
472174
393888
560692
502043
583700
511059
567657
548572
362780
424910
449034
549349
534362
502796
581925
506435
548267
527554
526277
542846
526833
502168
491735
375236
387438
424986
541934
482323
512799
396073
414549
376963
499130
519776
528078
319145
380276
330208
267323
339862
291888
223896
373050
363104
348894
247348
358886
563712
528598
512125
295674
427114
261959
524520
553994
535168
552724
585575
664639
524846
511298
499897
464576
541590
535372
381392
380119
278854
616007
575732
511401
429435
424043
352061
453450
469504
496019
339181
336276
296787
574263
546260
578018
512948
504785
511127
504757
505530
565344
481947
476232
459020
434938
432711
384705
543774
471951
501292
490342
509561
506753
415628
520196
543349
549434
591541
559335
464539
386429
399844
480550
432379
450683
543372
540389
567191
715534
695585
695392
519044
479117
529180
305083
376356
362780
348334
362042
360087
582129
539085
562569
494991
537133
548855
593904
563892
574352
519776
476527
501859
523878
446786
487276
342047
338148
332389
387067
510299
511687
550654
536324
521593
513026
534303
520132
572148
544205
586461
423804
388428
376738
497838
405745
490109
377212
329105
307438
453313
393117
445878
524317
547038
528880
458722
491403
537690
217485
306516
246232
571146
542044
512707
507807
569459
578861
442350
467700
355911
529202
489230
547443
457227
424571
537865
569827
541681
566559
548058
566397
598995
518971
523547
484655
539114
508433
477919
536830
510944
463804
384705
399969
330208
529285
565806
535203
494179
537569
479461
412743
520839
455857
520649
488500
470884
450683
447767
386247
535887
416258
540374
560827
517137
556206
432485
431635
399844
545399
566590
531046
548531
577936
564843
571415
570340
590268
529890
599042
564164
594913
575483
561782
508985
491931
493314
430394
486052
452895
472641
417122
408497
525541
544305
507025
755423
697032
696819
566822
490867
513052
533355
532271
521026
538868
569558
567416
495177
577184
546047
